Time(s)	X	Y	Z
2,70	-0,720	-0,305	-1,230
3,21	-0,720	-0,305	-1,230
3,71	-1,702	1,447	-0,811
4,21	-0,760	1,436	-1,235
4,71	-0,750	1,442	-1,239
5,21	-0,748	1,445	-1,236
5,72	-0,725	1,447	-1,223
6,23	-0,729	1,446	-1,217
6,74	-0,733	1,444	-1,219
7,24	-0,736	1,443	-1,223
7,76	-0,734	1,445	-1,223
8,26	-0,734	1,453	-1,223
8,77	-0,720	1,448	-1,229
9,27	-0,723	1,447	-1,232
9,77	-0,723	1,447	-1,232
10,28	-0,746	1,445	-1,234
10,78	-0,778	1,433	-1,240
11,29	-0,829	1,439	-1,288
11,79	-0,836	1,449	-1,292
12,30	-0,831	1,450	-1,262
12,81	-0,830	1,448	-1,252
13,33	-0,822	1,445	-1,250
13,84	-0,812	1,445	-1,261
14,34	-0,805	1,447	-1,267
14,84	-0,810	1,436	-1,265
15,35	-0,803	1,446	-1,269
15,86	-0,806	1,440	-1,271
16,36	-0,811	1,444	-1,274
16,87	-0,821	1,446	-1,270
17,37	-0,819	1,447	-1,265
17,88	-0,818	1,445	-1,267
18,40	-0,818	1,439	-1,274
18,90	-0,841	1,430	-1,317
19,40	-0,847	1,428	-1,317
19,90	-0,826	1,447	-1,283
20,41	-0,817	1,448	-1,271
20,91	-0,815	1,447	-1,261
21,41	-0,815	1,449	-1,265
21,92	-0,813	1,449	-1,272
22,44	-0,812	1,450	-1,270
22,95	-0,812	1,450	-1,269
23,47	-0,818	1,443	-1,268
23,98	-0,817	1,445	-1,265
24,48	-0,818	1,446	-1,268
24,99	-0,816	1,448	-1,276
25,49	-0,811	1,450	-1,277
25,99	-0,808	1,450	-1,279
26,51	-0,806	1,449	-1,278
27,01	-0,810	1,449	-1,277
27,52	-0,812	1,450	-1,277
28,02	-0,810	1,449	-1,275
28,53	-0,809	1,449	-1,278
29,03	-0,811	1,448	-1,277
29,54	-0,812	1,448	-1,271
30,04	-0,814	1,449	-1,269
30,55	-0,817	1,448	-1,268
31,05	-0,818	1,447	-1,267
31,56	-0,816	1,450	-1,269
32,06	-0,816	1,450	-1,269
32,58	-0,817	1,450	-1,272
33,09	-0,812	1,450	-1,274
33,60	-0,808	1,451	-1,275
34,10	-0,805	1,455	-1,275
34,62	-0,808	1,455	-1,276
35,12	-0,805	1,453	-1,277
35,62	-0,803	1,452	-1,275
36,12	-0,803	1,451	-1,275
36,63	-0,802	1,450	-1,276
37,13	-0,801	1,451	-1,279
37,63	-0,801	1,451	-1,275
38,15	-0,802	1,450	-1,272
38,66	-0,804	1,449	-1,270
39,16	-0,806	1,448	-1,270
39,67	-0,809	1,446	-1,269
40,19	-0,812	1,441	-1,264
40,69	-0,802	1,408	-1,251
41,20	-0,802	1,413	-1,260
41,72	-0,802	1,412	-1,255
42,22	-0,803	1,409	-1,253
42,73	-0,802	1,420	-1,259
43,24	-0,805	1,423	-1,259
43,74	-0,827	1,456	-1,299
44,26	-0,828	1,434	-1,282
44,77	-0,812	1,415	-1,257
45,27	-0,807	1,420	-1,263
45,79	-0,802	1,422	-1,264
46,29	-0,799	1,422	-1,266
46,80	-0,800	1,432	-1,273
47,31	-0,804	1,425	-1,277
47,81	-0,805	1,421	-1,274
48,33	-0,808	1,417	-1,274
48,84	-0,805	1,411	-1,277
49,34	-0,805	1,407	-1,277
49,84	-0,808	1,411	-1,279
50,35	-0,810	1,415	-1,275
50,86	-0,812	1,433	-1,273
51,38	-0,810	1,429	-1,264
51,89	-0,806	1,429	-1,255
52,40	-0,802	1,426	-1,256
52,92	-0,797	1,428	-1,260
53,43	-0,799	1,428	-1,261
53,93	-0,798	1,428	-1,261
54,43	-0,796	1,425	-1,254
54,93	-0,797	1,425	-1,251
55,44	-0,815	1,437	-1,264
55,98	-0,815	1,435	-1,267
56,49	-0,817	1,436	-1,276
57,00	-0,817	1,437	-1,272
57,50	-0,816	1,437	-1,265
58,00	-0,814	1,438	-1,265
58,50	-0,814	1,438	-1,266
59,01	-0,813	1,438	-1,270
59,51	-0,810	1,439	-1,267
60,02	-0,812	1,440	-1,265
60,54	-0,815	1,439	-1,267
61,05	-0,819	1,437	-1,267
61,56	-0,820	1,436	-1,266
62,06	-0,815	1,430	-1,238
62,56	-0,806	1,431	-1,241
63,09	-0,817	1,436	-1,253
63,59	-0,820	1,437	-1,250
64,10	-0,814	1,437	-1,263
64,62	-0,815	1,440	-1,260
65,13	-0,818	1,442	-1,256
65,65	-0,824	1,438	-1,256
66,15	-0,816	1,445	-1,259
66,66	-0,807	1,450	-1,264
67,16	-0,809	1,450	-1,263
67,67	-0,803	1,448	-1,267
68,18	-0,801	1,450	-1,269
68,68	-0,806	1,450	-1,273
69,19	-0,809	1,447	-1,268
69,70	-0,813	1,448	-1,265
70,20	-0,820	1,447	-1,272
70,72	-0,820	1,448	-1,274
71,22	-0,815	1,448	-1,277
71,73	-0,810	1,448	-1,277
72,24	-0,812	1,447	-1,275
72,76	-0,814	1,446	-1,275
73,26	-0,812	1,448	-1,279
73,77	-0,811	1,452	-1,281
74,29	-0,809	1,451	-1,280
74,79	-0,810	1,450	-1,278
75,30	-0,814	1,449	-1,277
75,81	-0,810	1,451	-1,280
76,31	-0,812	1,450	-1,280
76,83	-0,818	1,440	-1,275
77,34	-0,809	1,445	-1,280
77,84	-0,816	1,443	-1,281
78,35	-0,818	1,450	-1,272
78,87	-0,811	1,455	-1,276
79,37	-0,811	1,465	-1,278
79,87	-0,827	1,461	-1,270
80,37	-0,823	1,449	-1,275
80,88	-0,818	1,444	-1,281
81,38	-0,817	1,445	-1,285
81,88	-0,770	1,473	-1,263
82,40	-0,714	1,469	-1,281
82,91	-0,755	1,465	-1,244
83,41	-0,839	1,451	-1,261
83,92	-0,839	1,452	-1,271
84,44	-0,832	1,453	-1,267
84,94	-0,824	1,450	-1,266
85,45	-0,815	1,450	-1,270
85,95	-0,822	1,449	-1,270
86,47	-0,829	1,445	-1,265
86,98	-0,821	1,450	-1,274
87,49	-0,813	1,453	-1,280
87,99	-0,815	1,451	-1,274
88,51	-0,816	1,449	-1,272
89,01	-0,815	1,450	-1,276
89,51	-0,817	1,450	-1,276
90,02	-0,819	1,450	-1,278
90,53	-0,816	1,452	-1,279
91,04	-0,813	1,453	-1,279
91,55	-0,817	1,451	-1,278
92,06	-0,817	1,451	-1,279
92,56	-0,817	1,450	-1,278
93,08	-0,816	1,447	-1,277
93,59	-0,809	1,448	-1,277
94,09	-0,808	1,450	-1,281
94,60	-0,805	1,451	-1,285
95,10	-0,805	1,450	-1,288
95,62	-0,801	1,448	-1,286
96,12	-0,796	1,450	-1,288
96,63	-0,798	1,451	-1,289
97,15	-0,801	1,455	-1,290
97,66	-0,802	1,455	-1,288
98,17	-0,806	1,449	-1,281
98,69	-0,813	1,447	-1,277
99,20	-0,812	1,450	-1,280
99,72	-0,812	1,449	-1,279
100,22	-0,810	1,449	-1,280
100,73	-0,806	1,450	-1,282
101,24	-0,803	1,450	-1,280
101,74	-0,800	1,450	-1,278
102,26	-0,798	1,451	-1,278
102,76	-0,798	1,450	-1,276
103,26	-0,797	1,449	-1,271
103,77	-0,797	1,450	-1,273
104,28	-0,800	1,449	-1,272
104,78	-0,803	1,449	-1,273
105,30	-0,810	1,448	-1,270
105,81	-0,815	1,449	-1,269
106,31	-0,814	1,448	-1,272
106,83	-0,817	1,446	-1,273
107,33	-0,817	1,445	-1,276
107,84	-0,809	1,437	-1,277
108,35	-0,799	1,427	-1,280
108,86	-0,795	1,415	-1,276
109,37	-0,794	1,425	-1,274
109,88	-0,796	1,428	-1,272
110,38	-0,797	1,429	-1,270
110,90	-0,796	1,428	-1,275
111,41	-0,797	1,428	-1,280
111,91	-0,803	1,428	-1,278
112,42	-0,805	1,424	-1,270
112,92	-0,806	1,426	-1,267
113,42	-0,805	1,425	-1,262
113,92	-0,807	1,425	-1,258
114,44	-0,809	1,428	-1,260
114,95	-0,811	1,427	-1,263
115,46	-0,809	1,423	-1,265
115,97	-0,810	1,426	-1,266
116,47	-0,812	1,429	-1,264
116,97	-0,810	1,424	-1,260
117,49	-0,808	1,427	-1,264
117,99	-0,802	1,425	-1,260
118,49	-0,802	1,426	-1,260
119,00	-0,796	1,425	-1,260
119,51	-0,805	1,429	-1,265
120,01	-0,806	1,429	-1,265
120,53	-0,806	1,430	-1,267
121,03	-0,810	1,431	-1,262
121,54	-0,816	1,431	-1,263
122,06	-0,818	1,432	-1,262
122,57	-0,810	1,433	-1,262
123,07	-0,805	1,433	-1,262
123,58	-0,805	1,433	-1,262
124,08	-0,807	1,433	-1,262
124,58	-0,809	1,433	-1,262
125,08	-0,808	1,433	-1,262
125,59	-0,807	1,433	-1,259
126,09	-0,805	1,434	-1,257
126,61	-0,805	1,435	-1,255
127,12	-0,806	1,435	-1,258
127,62	-0,805	1,437	-1,263
128,13	-0,801	1,439	-1,264
128,65	-0,803	1,438	-1,263
129,15	-0,807	1,438	-1,263
129,66	-0,811	1,441	-1,260
130,17	-0,808	1,442	-1,261
130,67	-0,807	1,439	-1,258
131,19	-0,804	1,440	-1,261
131,69	-0,809	1,440	-1,259
132,20	-0,808	1,443	-1,266
132,70	-0,810	1,443	-1,270
133,22	-0,806	1,440	-1,260
133,72	-0,810	1,439	-1,265
134,22	-0,807	1,437	-1,268
134,73	-0,808	1,436	-1,273
135,23	-0,812	1,436	-1,270
135,74	-0,804	1,434	-1,266
136,24	-0,798	1,434	-1,270
136,75	-0,798	1,434	-1,267
137,28	-0,797	1,434	-1,264
137,79	-0,796	1,435	-1,268
138,30	-0,792	1,433	-1,270
138,80	-0,785	1,430	-1,268
139,31	-0,779	1,430	-1,268
139,82	-0,775	1,426	-1,265
140,32	-0,775	1,428	-1,269
140,83	-0,773	1,429	-1,271
141,33	-0,776	1,428	-1,270
141,83	-0,776	1,430	-1,265
142,33	-0,774	1,429	-1,264
142,83	-0,774	1,427	-1,263
143,35	-0,779	1,426	-1,256
143,85	-0,795	1,431	-1,261
144,35	-0,800	1,433	-1,257
144,85	-0,796	1,445	-1,271
145,36	-0,794	1,441	-1,267
145,87	-0,786	1,440	-1,270
146,37	-0,794	1,439	-1,271
146,88	-0,799	1,437	-1,265
147,38	-0,793	1,439	-1,266
147,88	-0,792	1,440	-1,269
148,40	-0,793	1,439	-1,272
148,90	-0,791	1,439	-1,273
149,40	-0,790	1,438	-1,269
149,91	-0,813	1,440	-1,274
150,42	-0,829	1,427	-1,269
150,92	-0,835	1,416	-1,257
151,44	-0,834	1,436	-1,255
151,94	-0,838	1,440	-1,246
152,44	-0,833	1,442	-1,235
152,94	-0,832	1,439	-1,235
153,45	-0,829	1,437	-1,235
153,95	-0,825	1,438	-1,240
154,45	-0,818	1,426	-1,240
154,97	-0,812	1,436	-1,246
155,48	-0,806	1,445	-1,249
155,99	-0,803	1,448	-1,257
156,51	-0,799	1,447	-1,258
157,01	-0,797	1,445	-1,259
157,52	-0,797	1,446	-1,257
158,02	-0,800	1,446	-1,257
158,53	-0,800	1,445	-1,258
159,03	-0,800	1,446	-1,258
159,55	-0,799	1,444	-1,259
160,06	-0,792	1,448	-1,266
160,56	-0,796	1,446	-1,264
161,08	-0,790	1,445	-1,260
161,59	-0,782	1,442	-1,248
162,10	-0,779	1,445	-1,254
162,60	-0,798	1,443	-1,267
163,12	-0,812	1,441	-1,279
163,62	-0,805	1,443	-1,281
164,12	-0,799	1,444	-1,271
164,63	-0,800	1,443	-1,263
165,13	-0,801	1,444	-1,260
165,65	-0,803	1,446	-1,264
166,15	-0,808	1,442	-1,263
166,65	-0,815	1,439	-1,262
167,15	-0,810	1,439	-1,268
167,66	-0,805	1,439	-1,270
168,16	-0,803	1,441	-1,270
168,66	-0,805	1,441	-1,269
169,17	-0,809	1,442	-1,269
169,69	-0,812	1,443	-1,273
170,20	-0,807	1,444	-1,274
170,70	-0,806	1,446	-1,274
171,21	-0,807	1,445	-1,276
171,71	-0,811	1,445	-1,279
172,23	-0,811	1,445	-1,275
172,74	-0,809	1,447	-1,277
173,24	-0,810	1,447	-1,277
173,76	-0,813	1,446	-1,278
174,27	-0,815	1,445	-1,277
174,77	-0,813	1,444	-1,275
175,28	-0,815	1,446	-1,276
175,80	-0,814	1,446	-1,275
176,31	-0,811	1,444	-1,271
176,83	-0,812	1,445	-1,267
177,33	-0,816	1,443	-1,266
177,84	-0,815	1,444	-1,267
178,35	-0,813	1,443	-1,270
178,85	-0,813	1,443	-1,272
179,35	-0,813	1,445	-1,273
179,85	-0,809	1,444	-1,269
180,35	-0,803	1,446	-1,277
180,85	-0,800	1,441	-1,277
181,36	-0,795	1,435	-1,280
181,87	-0,794	1,434	-1,272
182,38	-0,789	1,437	-1,272
182,90	-0,797	1,436	-1,265
183,40	-0,809	1,436	-1,268
183,91	-0,801	1,436	-1,272
184,41	-0,799	1,434	-1,274
184,92	-0,797	1,431	-1,272
185,42	-0,794	1,430	-1,274
185,94	-0,794	1,431	-1,275
186,44	-0,793	1,429	-1,274
186,95	-0,790	1,428	-1,274
187,45	-0,791	1,430	-1,272
187,95	-0,795	1,430	-1,271
188,47	-0,816	1,433	-1,275
188,97	-0,812	1,430	-1,273
189,47	-0,805	1,419	-1,270
189,97	-0,796	1,423	-1,271
190,48	-0,794	1,427	-1,269
190,99	-0,797	1,430	-1,262
191,50	-0,800	1,426	-1,254
192,01	-0,799	1,432	-1,248
192,52	-0,799	1,425	-1,250
193,03	-0,797	1,429	-1,251
193,54	-0,806	1,427	-1,255
194,05	-0,807	1,427	-1,255
194,55	-0,800	1,427	-1,246
195,05	-0,788	1,434	-1,250
195,57	-0,794	1,436	-1,252
196,07	-0,805	1,436	-1,248
196,58	-0,800	1,443	-1,261
197,08	-0,798	1,443	-1,261
197,58	-0,797	1,443	-1,274
198,10	-0,796	1,444	-1,276
198,60	-0,797	1,444	-1,277
199,10	-0,798	1,445	-1,276
199,62	-0,798	1,444	-1,274
200,12	-0,796	1,444	-1,272
200,62	-0,796	1,443	-1,269
201,13	-0,796	1,444	-1,268
201,63	-0,794	1,445	-1,270
202,13	-0,795	1,441	-1,259
202,65	-0,773	1,435	-1,248
203,15	-0,780	1,439	-1,255
203,66	-0,786	1,440	-1,260
204,16	-0,803	1,441	-1,273
204,67	-0,816	1,440	-1,264
205,17	-0,850	1,420	-1,292
205,67	-0,852	1,419	-1,287
206,17	-0,862	1,434	-1,289
206,69	-0,865	1,409	-1,291
207,19	-0,873	1,402	-1,283
207,70	-0,838	1,439	-1,240
208,20	-0,835	1,442	-1,244
208,70	-0,821	1,443	-1,263
209,21	-0,813	1,444	-1,260
209,73	-0,812	1,444	-1,260
210,23	-0,815	1,443	-1,262
210,74	-0,812	1,445	-1,266
211,24	-0,811	1,446	-1,269
211,76	-0,813	1,446	-1,269
212,27	-0,811	1,446	-1,269
212,77	-0,810	1,445	-1,269
213,28	-0,812	1,443	-1,269
213,78	-0,813	1,444	-1,267
214,28	-0,814	1,444	-1,266
214,80	-0,813	1,444	-1,266
215,31	-0,806	1,444	-1,262
215,83	-0,807	1,445	-1,267
216,33	-0,807	1,446	-1,271
216,84	-0,808	1,445	-1,272
217,35	-0,805	1,445	-1,272
217,85	-0,801	1,446	-1,273
218,35	-0,805	1,445	-1,270
218,87	-0,811	1,444	-1,267
219,37	-0,816	1,444	-1,263
219,87	-0,813	1,446	-1,262
220,38	-0,814	1,444	-1,261
220,88	-0,816	1,444	-1,260
221,38	-0,818	1,444	-1,265
221,90	-0,805	1,445	-1,273
222,40	-0,795	1,447	-1,282
222,91	-0,790	1,449	-1,288
223,42	-0,796	1,448	-1,289
223,92	-0,803	1,448	-1,285
224,42	-0,805	1,448	-1,279
224,92	-0,806	1,448	-1,279
225,42	-0,806	1,448	-1,278
225,92	-0,806	1,449	-1,279
226,42	-0,804	1,449	-1,280
226,94	-0,801	1,450	-1,283
227,44	-0,800	1,452	-1,284
227,94	-0,800	1,452	-1,283
228,44	-0,802	1,452	-1,285
228,95	-0,804	1,452	-1,283
229,45	-0,809	1,449	-1,279
229,97	-0,812	1,448	-1,277
230,48	-0,810	1,449	-1,280
230,98	-0,808	1,449	-1,283
231,48	-0,811	1,448	-1,284
231,99	-0,810	1,448	-1,287
232,51	-0,812	1,447	-1,282
233,01	-0,814	1,446	-1,277
233,52	-0,814	1,447	-1,276
234,03	-0,816	1,447	-1,277
234,53	-0,816	1,448	-1,276
235,05	-0,813	1,449	-1,275
235,56	-0,815	1,447	-1,272
236,06	-0,814	1,448	-1,272
236,58	-0,818	1,446	-1,272
237,09	-0,820	1,445	-1,269
237,59	-0,823	1,445	-1,266
238,10	-0,827	1,444	-1,263
238,60	-0,831	1,442	-1,262
239,10	-0,825	1,436	-1,270
239,60	-0,818	1,433	-1,274
240,12	-0,817	1,436	-1,272
240,63	-0,822	1,436	-1,276
241,13	-0,822	1,439	-1,280
241,65	-0,817	1,439	-1,284
242,15	-0,812	1,439	-1,286
242,66	-0,806	1,438	-1,287
243,16	-0,803	1,439	-1,288
243,66	-0,800	1,440	-1,291
244,16	-0,813	1,442	-1,287
244,67	-0,816	1,437	-1,283
245,20	-0,805	1,430	-1,284
245,72	-0,802	1,434	-1,284
246,22	-0,803	1,436	-1,278
246,75	-0,800	1,441	-1,284
247,25	-0,801	1,438	-1,280
247,77	-0,801	1,438	-1,280
248,28	-0,807	1,438	-1,277
248,79	-0,816	1,438	-1,271
249,31	-0,819	1,441	-1,273
249,83	-0,821	1,445	-1,285
250,33	-0,815	1,444	-1,279
250,87	-0,812	1,444	-1,274
251,37	-0,812	1,443	-1,268
251,88	-0,815	1,443	-1,267
252,38	-0,816	1,444	-1,266
252,90	-0,813	1,444	-1,271
253,40	-0,809	1,444	-1,273
253,91	-0,810	1,445	-1,270
254,41	-0,816	1,444	-1,262
254,91	-0,819	1,444	-1,259
255,41	-0,821	1,443	-1,258
255,92	-0,821	1,444	-1,262
256,44	-0,817	1,445	-1,263
256,95	-0,814	1,446	-1,267
257,47	-0,810	1,446	-1,270
257,97	-0,814	1,445	-1,269
258,48	-0,819	1,444	-1,269
258,98	-0,819	1,443	-1,266
259,49	-0,810	1,458	-1,266
259,99	-0,801	1,453	-1,264
260,51	-0,798	1,451	-1,263
261,02	-0,798	1,450	-1,267
261,52	-0,801	1,449	-1,270
262,03	-0,801	1,449	-1,265
262,53	-0,802	1,449	-1,263
263,03	-0,806	1,448	-1,261
263,55	-0,809	1,447	-1,260
264,06	-0,814	1,446	-1,259
264,56	-0,813	1,445	-1,260
265,08	-0,810	1,446	-1,262
265,58	-0,807	1,446	-1,266
266,08	-0,795	1,440	-1,272
266,59	-0,790	1,441	-1,272
267,10	-0,793	1,443	-1,271
267,62	-0,795	1,443	-1,273
268,13	-0,794	1,442	-1,276
268,65	-0,789	1,443	-1,276
269,15	-0,793	1,445	-1,276
269,66	-0,798	1,442	-1,277
270,17	-0,794	1,440	-1,279
270,67	-0,792	1,442	-1,281
271,19	-0,788	1,442	-1,285
271,69	-0,788	1,443	-1,284
272,19	-0,790	1,443	-1,283
272,70	-0,789	1,443	-1,284
273,20	-0,795	1,445	-1,284
273,70	-0,798	1,440	-1,277
274,21	-0,796	1,437	-1,283
274,72	-0,798	1,440	-1,280
275,23	-0,800	1,441	-1,273
275,74	-0,803	1,438	-1,271
276,24	-0,802	1,437	-1,272
276,75	-0,803	1,438	-1,263
277,26	-0,802	1,440	-1,265
277,78	-0,803	1,441	-1,266
278,29	-0,795	1,443	-1,265
278,79	-0,799	1,442	-1,263
279,29	-0,807	1,440	-1,261
279,80	-0,805	1,439	-1,256
280,31	-0,812	1,440	-1,255
280,81	-0,808	1,439	-1,249
281,32	-0,817	1,440	-1,248
281,82	-0,815	1,443	-1,251
282,33	-0,805	1,443	-1,256
282,85	-0,801	1,443	-1,256
283,35	-0,798	1,443	-1,259
283,85	-0,800	1,443	-1,263
284,37	-0,797	1,444	-1,267
284,88	-0,797	1,444	-1,272
285,38	-0,798	1,444	-1,272
285,90	-0,797	1,444	-1,271
286,40	-0,797	1,444	-1,273
286,91	-0,797	1,445	-1,271
287,42	-0,798	1,443	-1,268
287,94	-0,797	1,443	-1,265
288,45	-0,804	1,441	-1,259
288,95	-0,806	1,445	-1,267
289,46	-0,800	1,450	-1,267
289,97	-0,803	1,446	-1,263
290,48	-0,801	1,445	-1,260
290,98	-0,798	1,445	-1,261
291,48	-0,801	1,445	-1,262
291,99	-0,801	1,440	-1,262
292,49	-0,799	1,436	-1,268
293,01	-0,796	1,440	-1,275
293,52	-0,805	1,441	-1,278
294,03	-0,819	1,443	-1,274
294,53	-0,821	1,440	-1,270
295,05	-0,809	1,438	-1,277
295,56	-0,801	1,439	-1,284
296,06	-0,801	1,437	-1,282
296,56	-0,802	1,435	-1,280
297,08	-0,798	1,438	-1,283
297,58	-0,797	1,439	-1,281
298,09	-0,803	1,440	-1,275
298,60	-0,816	1,438	-1,266
299,12	-0,816	1,435	-1,271
299,63	-0,806	1,435	-1,275
300,13	-0,797	1,436	-1,283
300,63	-0,801	1,435	-1,282
301,13	-0,808	1,434	-1,279
301,63	-0,811	1,432	-1,275
302,13	-0,812	1,431	-1,275
302,63	-0,810	1,432	-1,275
303,13	-0,807	1,433	-1,280
303,63	-0,802	1,434	-1,284
304,15	-0,798	1,434	-1,286
304,66	-0,800	1,434	-1,285
305,17	-0,799	1,434	-1,287
305,69	-0,797	1,435	-1,288
306,20	-0,798	1,433	-1,286
306,72	-0,806	1,438	-1,282
307,22	-0,814	1,436	-1,272
307,73	-0,819	1,435	-1,271
308,24	-0,813	1,429	-1,271
308,74	-0,807	1,429	-1,275
309,26	-0,806	1,431	-1,274
309,77	-0,803	1,433	-1,272
310,28	-0,804	1,431	-1,275
310,80	-0,798	1,433	-1,280
311,30	-0,796	1,434	-1,282
311,80	-0,792	1,435	-1,286
312,31	-0,790	1,435	-1,286
312,81	-0,793	1,434	-1,283
313,31	-0,802	1,430	-1,279
313,83	-0,805	1,430	-1,279
314,33	-0,798	1,432	-1,283
314,84	-0,797	1,433	-1,288
315,34	-0,796	1,433	-1,285
315,84	-0,796	1,432	-1,281
316,35	-0,793	1,431	-1,280
316,85	-0,796	1,432	-1,285
317,36	-0,798	1,432	-1,287
317,87	-0,798	1,432	-1,292
318,37	-0,798	1,434	-1,291
318,88	-0,796	1,429	-1,288
319,39	-0,796	1,432	-1,291
319,90	-0,795	1,432	-1,295
320,42	-0,798	1,432	-1,289
320,92	-0,804	1,431	-1,285
321,43	-0,809	1,430	-1,279
321,96	-0,808	1,432	-1,279
322,47	-0,809	1,432	-1,281
322,99	-0,812	1,430	-1,280
323,50	-0,812	1,430	-1,284
324,00	-0,808	1,431	-1,288
324,51	-0,815	1,436	-1,289
325,01	-0,824	1,436	-1,282
325,53	-0,831	1,443	-1,276
326,04	-0,837	1,443	-1,270
326,54	-0,835	1,441	-1,265
327,05	-0,830	1,441	-1,270
327,55	-0,828	1,442	-1,273
328,06	-0,825	1,441	-1,276
328,58	-0,820	1,442	-1,276
329,09	-0,817	1,442	-1,277
329,60	-0,812	1,442	-1,276
330,10	-0,815	1,442	-1,275
330,62	-0,816	1,442	-1,272
331,13	-0,816	1,442	-1,272
331,63	-0,815	1,441	-1,275
332,15	-0,813	1,442	-1,278
332,66	-0,812	1,442	-1,279
333,16	-0,808	1,444	-1,280
333,67	-0,804	1,443	-1,279
334,19	-0,805	1,443	-1,278
334,69	-0,808	1,442	-1,274
335,20	-0,803	1,443	-1,275
335,71	-0,803	1,444	-1,276
336,23	-0,810	1,443	-1,275
336,73	-0,812	1,442	-1,274
337,24	-0,805	1,443	-1,276
337,74	-0,803	1,443	-1,276
338,26	-0,807	1,439	-1,270
338,76	-0,802	1,436	-1,258
339,26	-0,810	1,445	-1,267
339,77	-0,814	1,445	-1,270
340,27	-0,812	1,445	-1,274
340,78	-0,813	1,446	-1,275
341,30	-0,814	1,445	-1,273
341,80	-0,815	1,444	-1,272
342,30	-0,816	1,444	-1,270
342,81	-0,817	1,444	-1,269
343,32	-0,806	1,442	-1,276
343,83	-0,803	1,440	-1,287
344,34	-0,802	1,440	-1,283
344,85	-0,813	1,445	-1,280
345,35	-0,821	1,441	-1,270
345,85	-0,825	1,441	-1,261
346,36	-0,830	1,443	-1,257
346,86	-0,831	1,445	-1,255
347,37	-0,833	1,443	-1,254
347,89	-0,830	1,444	-1,256
348,39	-0,828	1,444	-1,262
348,90	-0,823	1,445	-1,267
349,41	-0,822	1,445	-1,268
349,91	-0,819	1,445	-1,271
350,42	-0,823	1,444	-1,267
350,94	-0,827	1,444	-1,266
351,44	-0,823	1,444	-1,270
351,94	-0,821	1,445	-1,274
352,45	-0,822	1,445	-1,273
352,95	-0,822	1,445	-1,273
353,46	-0,821	1,444	-1,272
353,98	-0,821	1,443	-1,267
354,48	-0,827	1,442	-1,269
354,98	-0,824	1,444	-1,270
355,48	-0,824	1,447	-1,272
355,99	-0,817	1,449	-1,282
356,49	-0,816	1,448	-1,284
356,99	-0,817	1,448	-1,283
357,51	-0,817	1,447	-1,283
358,01	-0,816	1,447	-1,278
358,51	-0,816	1,448	-1,276
359,02	-0,818	1,449	-1,272
359,53	-0,821	1,449	-1,271
360,05	-0,821	1,449	-1,273
360,56	-0,820	1,451	-1,277
361,06	-0,820	1,450	-1,279
361,56	-0,819	1,449	-1,279
362,08	-0,819	1,448	-1,279
362,58	-0,819	1,448	-1,278
363,08	-0,817	1,447	-1,279
363,58	-0,817	1,448	-1,279
364,08	-0,818	1,448	-1,278
364,59	-0,819	1,449	-1,276
365,09	-0,824	1,446	-1,276
365,60	-0,807	1,447	-1,257
366,10	-0,825	1,450	-1,266
366,62	-0,822	1,453	-1,264
367,13	-0,816	1,454	-1,274
367,63	-0,821	1,452	-1,272
368,15	-0,814	1,454	-1,273
368,66	-0,812	1,452	-1,276
369,17	-0,806	1,453	-1,285
369,67	-0,808	1,453	-1,277
370,19	-0,811	1,455	-1,269
370,69	-0,822	1,454	-1,266
371,19	-0,823	1,452	-1,266
371,70	-0,819	1,453	-1,272
372,20	-0,814	1,453	-1,274
372,70	-0,817	1,453	-1,275
373,20	-0,818	1,453	-1,272
373,71	-0,818	1,452	-1,271
374,21	-0,816	1,451	-1,269
374,71	-0,816	1,439	-1,262
375,23	-0,816	1,418	-1,252
375,74	-0,816	1,419	-1,251
376,24	-0,816	1,421	-1,250
376,76	-0,849	1,431	-1,293
377,27	-0,826	1,436	-1,260
377,77	-0,814	1,439	-1,255
378,28	-0,830	1,437	-1,281
378,78	-0,816	1,436	-1,285
379,30	-0,817	1,437	-1,296
379,81	-0,823	1,443	-1,299
380,31	-0,829	1,444	-1,284
380,83	-0,824	1,445	-1,280
381,34	-0,820	1,445	-1,274
381,85	-0,820	1,444	-1,273
382,35	-0,819	1,444	-1,273
382,87	-0,819	1,447	-1,266
383,37	-0,811	1,445	-1,262
383,88	-0,807	1,446	-1,263
384,38	-0,806	1,448	-1,265
384,89	-0,806	1,448	-1,265
385,40	-0,809	1,448	-1,266
385,90	-0,814	1,443	-1,278
386,41	-0,805	1,443	-1,292
386,91	-0,802	1,443	-1,302
387,41	-0,802	1,443	-1,304
387,91	-0,803	1,442	-1,301
388,42	-0,800	1,442	-1,299
388,92	-0,801	1,441	-1,298
389,43	-0,802	1,440	-1,293
389,93	-0,805	1,442	-1,288
390,47	-0,805	1,442	-1,285
390,97	-0,807	1,441	-1,287
391,48	-0,810	1,440	-1,286
391,99	-0,809	1,437	-1,291
392,50	-0,822	1,443	-1,287
393,01	-0,827	1,444	-1,275
393,53	-0,824	1,451	-1,282
394,03	-0,824	1,448	-1,284
394,54	-0,822	1,448	-1,288
395,05	-0,821	1,448	-1,285
395,55	-0,824	1,448	-1,279
396,06	-0,823	1,448	-1,274
396,56	-0,820	1,448	-1,274
397,08	-0,816	1,449	-1,277
397,59	-0,814	1,450	-1,277
398,09	-0,812	1,450	-1,275
398,59	-0,809	1,460	-1,276
399,10	-0,828	1,408	-1,265
399,62	-0,813	1,446	-1,295
400,13	-0,815	1,447	-1,294
400,64	-0,819	1,445	-1,280
401,14	-0,820	1,443	-1,277
401,64	-0,816	1,449	-1,272
402,16	-0,819	1,448	-1,262
402,66	-0,819	1,450	-1,265
403,16	-0,816	1,450	-1,264
403,66	-0,821	1,449	-1,271
404,17	-0,819	1,450	-1,278
404,69	-0,815	1,451	-1,275
405,19	-0,815	1,452	-1,270
405,70	-0,814	1,452	-1,266
406,20	-0,812	1,455	-1,267
406,70	-0,807	1,458	-1,276
407,21	-0,809	1,451	-1,277
407,71	-0,807	1,453	-1,282
408,21	-0,808	1,455	-1,284
408,73	-0,806	1,454	-1,283
409,24	-0,803	1,455	-1,285
409,74	-0,801	1,454	-1,283
410,26	-0,804	1,453	-1,284
410,77	-0,807	1,453	-1,284
411,27	-0,833	1,435	-1,306
411,78	-0,841	1,433	-1,318
412,30	-0,845	1,434	-1,319
412,82	-0,847	1,433	-1,320
413,32	-0,844	1,436	-1,321
413,82	-0,846	1,434	-1,313
414,32	-0,848	1,431	-1,305
414,82	-0,849	1,433	-1,303
415,34	-0,844	1,433	-1,305
415,84	-0,843	1,432	-1,304
416,35	-0,846	1,432	-1,303
416,85	-0,850	1,431	-1,301
417,37	-0,851	1,431	-1,300
417,87	-0,822	1,442	-1,267
418,38	-0,816	1,444	-1,257
418,88	-0,817	1,445	-1,254
419,38	-0,823	1,442	-1,250
419,89	-0,825	1,441	-1,253
420,41	-0,821	1,443	-1,257
420,92	-0,821	1,444	-1,262
421,44	-0,851	1,428	-1,301
421,94	-0,854	1,429	-1,313
422,44	-0,858	1,429	-1,312
422,95	-0,864	1,428	-1,307
423,45	-0,866	1,427	-1,303
423,95	-0,863	1,428	-1,306
424,46	-0,863	1,429	-1,309
424,96	-0,871	1,427	-1,318
425,46	-0,867	1,420	-1,304
425,96	-0,859	1,416	-1,311
426,46	-0,860	1,419	-1,323
426,98	-0,866	1,418	-1,324
427,48	-0,866	1,419	-1,324
427,99	-0,864	1,419	-1,325
428,49	-0,861	1,425	-1,316
429,01	-0,806	1,436	-1,273
429,51	-0,802	1,428	-1,267
430,03	-0,834	1,423	-1,304
430,54	-0,841	1,416	-1,310
431,04	-0,838	1,413	-1,300
431,56	-0,841	1,412	-1,303
432,09	-0,832	1,412	-1,314
432,60	-0,824	1,416	-1,318
433,11	-0,805	1,432	-1,295
433,61	-0,810	1,433	-1,297
434,11	-0,831	1,436	-1,293
434,61	-0,836	1,435	-1,293
435,12	-0,835	1,437	-1,285
435,62	-0,837	1,438	-1,275
436,12	-0,843	1,438	-1,273
436,63	-0,848	1,438	-1,270
437,13	-0,848	1,439	-1,272
437,63	-0,845	1,440	-1,276
438,13	-0,843	1,440	-1,278
438,63	-0,842	1,440	-1,278
439,13	-0,839	1,441	-1,277
439,65	-0,839	1,441	-1,277
440,15	-0,838	1,442	-1,278
440,65	-0,835	1,442	-1,276
441,15	-0,831	1,442	-1,275
441,66	-0,824	1,462	-1,274
442,17	-0,821	1,417	-1,255
442,69	-0,816	1,453	-1,265
443,20	-0,825	1,452	-1,279
443,70	-0,829	1,441	-1,286
444,20	-0,830	1,438	-1,284
444,71	-0,810	1,441	-1,271
445,21	-0,801	1,445	-1,272
445,73	-0,798	1,447	-1,274
446,23	-0,800	1,448	-1,276
446,73	-0,805	1,445	-1,277
447,23	-0,818	1,440	-1,288
447,73	-0,824	1,444	-1,313
448,23	-0,817	1,444	-1,315
448,73	-0,817	1,451	-1,308
449,25	-0,835	1,449	-1,279
449,75	-0,844	1,452	-1,270
450,26	-0,833	1,453	-1,271
450,76	-0,827	1,454	-1,271
451,28	-0,823	1,452	-1,277
451,79	-0,818	1,451	-1,275
452,29	-0,814	1,449	-1,268
452,80	-0,812	1,449	-1,264
453,31	-0,816	1,451	-1,261
453,81	-0,808	1,446	-1,266
454,31	-0,801	1,441	-1,265
454,82	-0,797	1,438	-1,265
455,32	-0,796	1,434	-1,260
455,83	-0,803	1,436	-1,263
456,33	-0,808	1,443	-1,257
456,84	-0,819	1,445	-1,254
457,35	-0,819	1,447	-1,261
457,87	-0,829	1,444	-1,262
458,37	-0,823	1,449	-1,266
458,88	-0,820	1,449	-1,262
459,38	-0,816	1,451	-1,262
459,89	-0,815	1,451	-1,263
460,41	-0,815	1,451	-1,266
460,91	-0,815	1,451	-1,270
461,41	-0,813	1,450	-1,268
461,92	-0,817	1,441	-1,268
462,44	-0,815	1,441	-1,270
462,95	-0,812	1,442	-1,277
463,45	-0,840	1,425	-1,316
463,95	-0,847	1,424	-1,312
464,46	-0,860	1,422	-1,309
464,98	-0,865	1,421	-1,307
465,48	-0,914	1,338	-1,303
465,99	-0,986	1,360	-1,332
466,49	-1,171	1,376	-1,376
467,00	-1,349	1,364	-1,338
467,51	-1,510	1,365	-1,274
468,02	-1,682	1,345	-1,287
468,52	-1,742	1,349	-1,269
469,02	-1,751	1,357	-1,263
469,53	-1,754	1,365	-1,317
470,05	-1,751	1,365	-1,328
470,56	-1,749	1,365	-1,327
471,07	-1,751	1,365	-1,325
471,58	-1,752	1,366	-1,325
472,09	-1,754	1,365	-1,322
472,60	-1,773	1,360	-1,301
473,10	-1,811	1,339	-1,199
473,62	-1,809	1,313	-1,138
474,12	-1,803	1,309	-1,127
474,62	-1,803	1,310	-1,126
475,13	-1,800	1,312	-1,132
475,64	-1,792	1,318	-1,143
476,16	-1,780	1,328	-1,196
476,67	-1,785	1,330	-1,353
477,17	-1,770	1,404	-1,317
477,67	-1,662	1,425	-1,259
478,17	-1,626	1,437	-1,297
478,69	-1,623	1,440	-1,305
479,20	-1,635	1,444	-1,289
479,71	-1,648	1,442	-1,259
480,22	-1,643	1,441	-1,271
480,72	-1,642	1,442	-1,271
481,22	-1,642	1,439	-1,271
481,73	-1,648	1,453	-1,284
482,25	-1,638	1,446	-1,262
482,75	-1,636	1,450	-1,252
483,25	-1,646	1,449	-1,252
483,76	-1,646	1,449	-1,245
484,26	-1,645	1,447	-1,236
484,76	-1,642	1,451	-1,239
485,28	-1,644	1,454	-1,243
485,78	-1,644	1,454	-1,242
486,28	-1,648	1,452	-1,241
486,78	-1,648	1,451	-1,239
487,28	-1,646	1,451	-1,240
487,80	-1,644	1,450	-1,241
488,30	-1,726	1,391	-1,275
488,81	-1,737	1,376	-1,325
489,31	-1,751	1,362	-1,373
489,81	-1,762	1,362	-1,334
490,31	-1,767	1,368	-1,292
490,82	-1,771	1,368	-1,284
491,34	-1,767	1,372	-1,277
491,84	-1,756	1,375	-1,270
492,35	-1,750	1,376	-1,272
492,85	-1,734	1,407	-1,256
493,35	-1,658	1,435	-1,249
493,85	-1,627	1,446	-1,272
494,37	-1,620	1,447	-1,286
494,87	-1,627	1,445	-1,280
495,39	-1,637	1,441	-1,278
495,90	-1,675	1,430	-1,276
496,40	-1,673	1,442	-1,256
496,91	-1,653	1,446	-1,253
497,43	-1,650	1,448	-1,241
497,93	-1,651	1,446	-1,238
498,44	-1,641	1,448	-1,241
498,96	-1,635	1,451	-1,243
499,47	-1,638	1,451	-1,244
500,00	-1,645	1,450	-1,241
500,50	-1,645	1,450	-1,242
501,01	-1,635	1,445	-1,273
501,51	-1,644	1,435	-1,307
502,01	-1,636	1,440	-1,330
502,52	-1,644	1,441	-1,321
503,02	-1,695	1,423	-1,345
503,52	-1,610	1,407	-1,283
504,03	-1,623	1,413	-1,303
504,53	-1,598	1,444	-1,296
505,05	-1,585	1,441	-1,285
505,55	-1,594	1,448	-1,275
506,06	-1,645	1,451	-1,308
506,58	-1,627	1,433	-1,284
507,08	-1,569	1,414	-1,278
507,59	-1,479	1,392	-1,329
508,10	-1,541	1,370	-1,315
508,62	-1,627	1,350	-1,373
509,12	-1,682	1,348	-1,363
509,62	-1,654	1,349	-1,342
510,13	-1,655	1,350	-1,341
510,63	-1,688	1,341	-1,329
511,14	-1,711	1,341	-1,320
511,65	-1,895	1,292	-1,326
512,16	-2,088	1,174	-1,279
512,66	-2,075	1,217	-1,266
513,17	-1,710	1,333	-1,220
513,69	-1,486	1,319	-1,136
514,19	-1,420	1,279	-0,960
514,70	-1,435	1,206	-0,747
515,21	-1,374	0,854	-0,461
515,71	-1,334	0,661	-0,344
516,22	-1,334	0,669	-0,350
516,73	-1,318	0,697	-0,371
517,24	-1,285	1,123	-0,615
517,75	-1,355	1,360	-0,852
518,27	-1,292	1,386	-0,898
518,77	-1,496	1,358	-1,016
519,28	-1,720	1,349	-1,137
519,78	-2,038	1,256	-1,104
520,30	-2,235	1,132	-1,064
520,81	-2,157	1,234	-1,084
521,32	-1,773	1,377	-1,145
521,82	-1,453	1,389	-1,194
522,34	-1,233	1,339	-1,089
522,84	-1,020	1,350	-1,006
523,34	-0,757	1,364	-0,924
523,85	-0,576	1,354	-0,729
524,37	-0,507	1,370	-0,642
524,87	-0,340	1,335	-0,585
525,38	-0,085	1,204	-0,407
525,89	-0,066	1,198	-0,370
526,39	-0,164	1,297	-0,378
526,89	-0,289	1,364	-0,488
527,40	-0,294	1,383	-0,538
527,91	-0,279	1,377	-0,551
528,41	-0,502	1,355	-0,550
528,92	-0,669	1,376	-0,719
529,42	-0,880	1,385	-0,828
529,92	-1,223	1,374	-0,864
530,44	-1,595	1,360	-1,051
530,94	-2,029	1,247	-1,122
531,44	-2,220	1,141	-1,176
531,95	-2,015	1,327	-1,157
532,46	-1,605	1,410	-1,218
532,96	-1,469	1,412	-1,206
533,48	-1,500	1,362	-1,095
533,98	-1,497	1,341	-0,860
534,49	-1,525	1,339	-0,516
535,00	-1,480	1,279	-0,160
535,51	-1,582	1,262	0,120
536,01	-1,638	1,311	0,346
536,52	-1,616	1,385	0,576
537,02	-1,462	1,395	0,809
537,52	-1,290	1,419	1,074
538,02	-1,042	1,409	1,248
538,53	-0,822	1,416	1,432
539,05	-0,521	1,322	1,564
539,56	-0,388	1,271	1,608
540,07	-0,448	1,310	1,571
540,58	-0,579	1,327	1,691
541,09	-0,583	1,348	1,532
541,59	-0,687	1,360	1,453
542,09	-0,592	1,394	1,543
542,60	-0,584	1,364	1,691
543,12	-0,544	1,372	1,538
543,62	-0,497	1,380	1,479
544,12	-0,509	1,356	1,634
544,63	-0,554	1,356	1,739
545,14	-0,467	1,325	1,792
545,64	-0,330	1,260	1,783
546,16	-0,308	1,281	1,733
546,66	-0,572	1,371	1,531
547,16	-0,751	1,346	1,460
547,66	-0,804	1,333	1,461
548,17	-0,836	1,338	1,518
548,69	-0,840	1,343	1,560
549,20	-0,585	1,389	1,645
549,70	-0,618	1,376	1,818
550,20	-0,588	1,390	2,009
550,70	-0,552	1,401	2,014
551,21	-0,792	1,419	1,893
551,71	-0,842	1,419	1,812
552,23	-0,696	1,409	1,883
552,74	-0,655	1,402	1,910
553,24	-0,805	1,414	1,789
553,76	-0,834	1,412	1,771
554,27	-0,832	1,412	1,761
554,77	-0,822	1,411	1,754
555,28	-0,712	1,403	1,839
555,80	-0,727	1,410	1,806
556,30	-0,802	1,420	1,692
556,80	-0,844	1,434	1,693
557,31	-0,812	1,407	1,671
557,82	-0,951	1,334	1,501
558,33	-1,153	1,357	1,242
558,84	-1,288	1,365	0,918
559,35	-1,255	1,325	0,765
559,85	-1,530	1,365	1,140
560,37	-1,753	1,374	0,830
560,87	-1,848	1,398	0,570
561,37	-2,003	1,368	0,291
561,88	-2,096	1,336	-0,153
562,38	-2,226	1,195	-0,592
562,88	-2,253	1,139	-0,727
563,38	-2,081	1,328	-0,465
563,89	-1,854	1,375	-0,041
564,39	-1,721	1,370	-0,147
564,89	-1,855	1,383	0,144
565,41	-1,690	1,385	0,540
565,91	-1,585	1,380	0,703
566,42	-1,358	1,385	0,961
566,92	-1,153	1,379	1,247
567,42	-0,820	1,323	1,411
567,94	-0,535	1,274	1,494
568,44	-0,492	1,262	1,508
568,95	-0,756	1,351	1,442
569,45	-1,050	1,366	1,376
569,95	-1,235	1,386	1,241
570,46	-1,277	1,385	1,107
570,98	-1,388	1,381	0,804
571,48	-1,651	1,395	0,514
571,99	-1,753	1,378	0,136
572,50	-1,885	1,333	-0,253
573,01	-1,975	1,319	-0,552
573,52	-1,831	1,316	-0,636
574,02	-1,661	1,331	-0,720
574,53	-1,719	1,319	-0,913
575,05	-1,831	1,275	-1,122
575,55	-1,880	1,240	-1,219
576,06	-1,669	1,347	-1,088
576,57	-1,319	1,376	-0,883
577,07	-1,182	1,371	-0,762
577,57	-0,916	1,316	-0,653
578,09	-0,551	1,283	-0,543
578,60	-0,260	1,113	-0,448
579,12	-0,230	1,135	-0,468
579,63	-0,423	1,275	-0,563
580,13	-0,304	1,235	-0,496
580,64	-0,334	1,304	-0,524
581,14	-0,913	1,369	-0,709
581,65	-1,271	1,340	-0,896
582,16	-1,668	1,301	-1,052
582,67	-1,876	1,209	-1,218
583,19	-1,887	1,233	-1,191
583,69	-1,822	1,308	-1,168
584,19	-1,532	1,398	-1,062
584,70	-1,416	1,394	-1,050
585,21	-1,417	1,391	-1,145
585,73	-1,799	1,304	-1,147
586,23	-1,884	1,239	-1,169
586,74	-1,479	1,336	-1,251
587,24	-1,177	1,349	-1,263
587,76	-0,899	1,360	-1,436
588,26	-0,543	1,387	-1,516
588,76	-0,244	1,385	-1,643
589,27	0,008	1,372	-1,592
589,77	0,120	1,373	-1,560
590,28	0,070	1,372	-1,779
590,80	-0,053	1,355	-1,597
591,31	0,158	1,380	-1,349
591,81	0,307	1,372	-1,351
592,32	0,523	1,382	-1,247
592,84	0,630	1,362	-1,076
593,34	0,826	1,313	-0,863
593,85	0,981	1,226	-0,655
594,35	0,965	1,265	-0,658
594,87	0,720	1,370	-0,958
595,38	0,394	1,389	-1,267
595,89	0,145	1,398	-1,263
596,40	-0,197	1,386	-1,249
596,91	-0,609	1,398	-1,266
597,42	-1,026	1,392	-1,236
597,92	-1,416	1,348	-1,269
598,44	-1,749	1,254	-1,166
598,95	-1,904	1,193	-1,112
599,46	-1,883	1,207	-1,124
599,98	-1,860	1,205	-1,084
600,49	-1,562	1,338	-1,126
601,00	-1,133	1,359	-1,171
601,50	-0,838	1,337	-1,050
602,00	-0,584	1,302	-0,778
602,51	-0,262	1,129	-0,552
603,02	-0,278	1,217	-0,610
603,52	-0,752	1,357	-0,882
604,03	-1,122	1,351	-0,972
604,55	-1,442	1,337	-1,012
605,06	-1,754	1,304	-1,066
605,57	-1,908	1,301	-1,151
606,07	-1,920	1,314	-1,397
606,58	-2,013	1,297	-1,515
607,09	-1,991	1,301	-1,531
607,60	-1,675	1,376	-1,290
608,10	-1,344	1,369	-1,164
608,62	-1,149	1,363	-0,913
609,13	-1,001	1,345	-0,593
609,64	-0,608	1,331	-0,231
610,15	-0,440	1,264	-0,022
610,66	-0,469	1,298	-0,052
611,17	-0,700	1,349	-0,335
611,67	-0,956	1,383	-0,739
612,19	-1,257	1,365	-0,919
612,69	-1,565	1,383	-1,079
613,20	-1,887	1,354	-1,328
613,71	-2,102	1,295	-1,461
614,23	-2,124	1,292	-1,509
614,73	-2,184	1,230	-1,472
615,23	-1,963	1,323	-1,401
615,74	-1,676	1,367	-1,293
616,26	-1,305	1,391	-1,126
616,77	-1,214	1,359	-0,798
617,27	-1,147	1,282	-0,430
617,78	-1,073	1,219	-0,113
618,30	-1,075	1,162	-0,068
618,81	-1,084	1,107	-0,010
619,31	-1,107	1,045	0,040
619,82	-1,112	1,056	0,042
620,34	-1,208	1,206	-0,096
620,84	-1,317	1,371	-0,499
621,35	-1,311	1,382	-0,579
621,85	-1,317	1,388	-0,566
622,37	-1,319	1,393	-0,589
622,88	-1,384	1,392	-0,720
623,38	-1,534	1,326	-0,840
623,89	-1,881	1,222	-0,972
624,41	-1,908	1,208	-1,119
624,92	-1,795	1,314	-1,236
625,42	-1,814	1,314	-1,329
625,92	-1,873	1,293	-1,314
626,44	-1,698	1,347	-1,269
626,95	-1,450	1,385	-1,145
627,45	-1,420	1,333	-1,112
627,96	-1,401	1,288	-1,003
628,48	-1,146	1,046	-0,681
628,98	-1,111	0,687	-0,573
629,49	-1,171	1,182	-0,650
629,99	-1,244	1,375	-0,821
630,50	-1,192	1,416	-0,874
631,00	-1,175	1,400	-0,889
631,52	-1,174	1,406	-0,916
632,02	-1,165	1,408	-0,950
632,53	-1,145	1,410	-0,959
633,05	-1,162	1,402	-0,955
633,56	-1,171	1,392	-0,942
634,07	-1,181	1,373	-0,905
634,58	-1,084	1,355	-0,867
635,09	-1,031	1,370	-0,803
635,59	-1,025	1,226	-0,750
636,09	-0,965	0,880	-0,590
636,60	-0,990	0,833	-0,532
637,12	-1,065	1,264	-0,567
637,62	-0,974	1,252	-0,445
638,12	-0,764	1,153	-0,121
638,63	-0,761	1,209	-0,161
639,14	-0,854	1,330	-0,641
639,64	-0,905	1,339	-0,767
640,16	-0,986	1,347	-0,733
640,67	-1,228	1,371	-0,723
641,19	-1,396	1,359	-0,759
641,70	-1,543	1,372	-1,040
642,21	-1,832	1,322	-1,257
642,71	-2,002	1,288	-1,384
643,23	-1,932	1,301	-1,670
643,73	-1,854	1,265	-1,867
644,23	-1,878	0,972	-2,191
644,74	-1,834	0,681	-2,298
645,26	-1,928	1,239	-2,145
645,76	-1,664	1,381	-1,701
646,27	-1,735	1,367	-1,587
646,78	-1,856	1,340	-1,610
647,28	-1,928	1,310	-1,585
647,80	-1,882	1,324	-1,491
648,30	-1,846	1,331	-1,417
648,81	-1,858	1,324	-1,445
649,32	-1,909	1,287	-1,359
649,84	-2,036	1,219	-1,102
650,34	-2,062	1,187	-1,068
650,85	-1,954	1,307	-1,291
651,37	-1,828	1,345	-1,282
651,87	-1,573	1,371	-1,212
652,38	-1,526	1,369	-1,132
652,88	-1,615	1,386	-1,122
653,39	-1,592	1,386	-1,157
653,89	-1,587	1,381	-1,185
654,41	-1,578	1,372	-1,171
654,92	-1,769	1,343	-1,294
655,44	-2,014	1,285	-1,235
655,95	-2,150	1,266	-1,276
656,45	-2,268	1,213	-1,501
656,96	-2,317	1,130	-1,659
657,48	-2,123	1,324	-1,457
657,99	-1,556	1,366	-1,281
658,50	-1,324	1,355	-1,091
659,01	-1,095	1,377	-0,819
659,52	-0,768	1,365	-0,579
660,03	-0,632	1,326	-0,325
660,53	-0,426	1,276	-0,088
661,03	-0,327	1,246	0,009
661,55	-0,470	1,320	-0,010
662,05	-0,755	1,362	-0,262
662,56	-0,929	1,379	-0,526
663,06	-1,276	1,378	-0,750
663,57	-1,566	1,353	-1,022
664,09	-1,912	1,285	-1,123
664,59	-2,006	1,266	-1,105
665,10	-2,053	1,205	-1,056
665,60	-1,865	1,293	-1,055
666,10	-1,515	1,373	-1,109
666,62	-1,218	1,375	-0,959
667,12	-1,090	1,376	-0,625
667,62	-0,827	1,327	-0,295
668,12	-0,625	1,281	-0,067
668,63	-0,908	1,345	-0,375
669,13	-1,281	1,341	-0,794
669,63	-1,662	1,317	-1,061
670,14	-1,506	1,363	-1,358
670,66	-1,545	1,384	-1,441
671,16	-1,681	1,415	-1,690
671,66	-1,628	1,407	-1,667
672,17	-1,620	1,401	-1,499
672,67	-1,634	1,402	-1,484
673,17	-1,654	1,418	-1,481
673,69	-1,586	1,410	-1,429
674,20	-1,418	1,401	-1,406
674,71	-1,341	1,391	-1,374
675,23	-1,361	1,411	-1,361
675,73	-1,391	1,407	-1,354
676,24	-1,384	1,413	-1,365
676,74	-1,402	1,410	-1,364
677,24	-1,444	1,415	-1,369
677,74	-1,518	1,410	-1,379
678,24	-1,534	1,407	-1,388
678,76	-1,512	1,418	-1,380
679,26	-1,480	1,423	-1,402
679,77	-1,472	1,421	-1,404
680,28	-1,469	1,423	-1,393
680,78	-1,478	1,427	-1,379
681,28	-1,470	1,422	-1,364
681,80	-1,355	1,374	-1,322
682,30	-1,339	1,363	-1,342
682,81	-1,342	1,352	-1,355
683,32	-1,373	1,336	-1,364
683,82	-1,394	1,373	-1,351
684,34	-1,394	1,527	-1,361
684,85	-1,296	1,283	-1,201
Session ended: 20-05-2026 15:59:42
