Time(s)	X	Y	Z
3,34	-0,720	-0,425	-1,230
3,85	-0,720	-0,425	-1,230
4,35	-2,158	1,453	0,322
4,85	-0,720	1,454	-1,231
5,35	-0,769	1,458	-1,244
5,85	-0,774	1,460	-1,251
6,36	-0,774	1,459	-1,248
6,87	-0,820	1,435	-1,267
7,37	-0,862	1,422	-1,266
7,87	-0,928	1,422	-1,260
8,37	-0,865	1,462	-1,272
8,88	-0,820	1,447	-1,267
9,38	-0,839	1,441	-1,310
9,89	-0,862	1,440	-1,300
10,40	-0,827	1,423	-1,311
10,91	-0,823	1,422	-1,309
11,43	-0,817	1,450	-1,295
11,94	-0,813	1,460	-1,291
12,45	-0,800	1,454	-1,292
12,97	-0,800	1,439	-1,294
13,48	-0,798	1,437	-1,298
13,99	-0,794	1,438	-1,302
14,51	-0,793	1,437	-1,304
15,01	-0,791	1,438	-1,302
15,51	-0,794	1,438	-1,304
16,01	-0,798	1,441	-1,305
16,52	-0,797	1,448	-1,304
17,02	-0,823	1,435	-1,327
17,52	-0,865	1,419	-1,357
18,04	-0,904	1,409	-1,411
18,54	-0,946	1,404	-1,421
19,05	-0,905	1,469	-1,376
19,55	-0,787	1,504	-1,315
20,07	-0,824	1,491	-1,271
20,58	-0,881	1,421	-1,253
21,09	-0,876	1,423	-1,256
21,59	-0,858	1,425	-1,244
22,09	-0,859	1,422	-1,223
22,61	-0,853	1,423	-1,232
23,11	-0,883	1,415	-1,192
23,62	-1,007	1,399	-1,218
24,12	-1,228	1,404	-1,365
24,63	-1,427	1,379	-1,300
25,13	-1,565	1,396	-1,197
25,65	-1,653	1,392	-1,213
26,16	-1,537	1,443	-1,187
26,68	-1,546	1,457	-1,171
27,19	-1,657	1,388	-1,126
27,70	-1,703	1,361	-1,209
28,20	-1,726	1,365	-1,304
28,72	-1,819	1,343	-1,293
29,23	-1,822	1,345	-1,262
29,74	-1,788	1,385	-1,264
30,26	-1,806	1,353	-1,260
30,77	-1,844	1,326	-1,228
31,29	-1,832	1,332	-1,222
31,79	-1,829	1,337	-1,224
32,30	-1,839	1,334	-1,229
32,81	-1,848	1,327	-1,220
33,33	-1,843	1,331	-1,219
33,84	-1,825	1,346	-1,227
34,34	-1,837	1,330	-1,222
34,84	-1,818	1,345	-1,215
35,34	-1,773	1,381	-1,213
35,84	-1,737	1,407	-1,234
36,34	-1,741	1,406	-1,238
36,86	-1,743	1,399	-1,226
37,37	-1,733	1,399	-1,227
37,87	-1,719	1,401	-1,228
38,38	-1,698	1,403	-1,237
38,90	-1,699	1,398	-1,235
39,41	-1,699	1,399	-1,243
39,91	-1,700	1,396	-1,255
40,43	-1,703	1,398	-1,246
40,93	-1,720	1,394	-1,244
41,44	-1,724	1,397	-1,236
41,95	-1,764	1,364	-1,204
42,45	-1,843	1,306	-1,204
42,97	-1,891	1,238	-1,189
43,48	-1,907	1,269	-1,194
43,98	-1,881	1,305	-1,190
44,50	-1,747	1,392	-1,150
45,00	-1,676	1,414	-1,135
45,50	-1,659	1,436	-1,151
46,02	-1,656	1,439	-1,175
46,52	-1,635	1,437	-1,158
47,02	-1,621	1,440	-1,131
47,52	-1,668	1,435	-1,189
48,03	-1,646	1,440	-1,185
48,54	-1,636	1,418	-1,191
49,04	-1,636	1,436	-1,194
49,56	-1,633	1,434	-1,205
50,06	-1,622	1,455	-1,219
50,56	-1,629	1,449	-1,221
51,07	-1,630	1,449	-1,232
51,59	-1,642	1,448	-1,233
52,09	-1,639	1,448	-1,228
52,60	-1,630	1,449	-1,228
53,11	-1,633	1,448	-1,226
53,61	-1,641	1,451	-1,214
54,13	-1,641	1,451	-1,207
54,63	-1,638	1,459	-1,205
55,14	-1,632	1,465	-1,207
55,65	-1,628	1,463	-1,205
56,17	-1,629	1,461	-1,206
56,67	-1,628	1,460	-1,206
57,18	-1,617	1,450	-1,198
57,68	-1,626	1,453	-1,204
58,18	-1,637	1,453	-1,198
58,69	-1,637	1,452	-1,191
59,20	-1,649	1,438	-1,193
59,70	-1,659	1,419	-1,193
60,22	-1,648	1,437	-1,195
60,72	-1,659	1,418	-1,200
61,23	-1,701	1,383	-1,234
61,75	-1,694	1,386	-1,280
62,26	-1,694	1,384	-1,288
62,76	-1,716	1,380	-1,304
63,26	-1,716	1,386	-1,311
63,77	-1,669	1,408	-1,294
64,27	-1,665	1,409	-1,285
64,79	-1,659	1,409	-1,283
65,29	-1,657	1,412	-1,279
65,79	-1,644	1,415	-1,270
66,29	-1,645	1,415	-1,265
66,80	-1,644	1,423	-1,261
67,30	-1,625	1,456	-1,256
67,81	-1,617	1,462	-1,257
68,31	-1,612	1,462	-1,257
68,83	-1,627	1,453	-1,255
69,33	-1,650	1,430	-1,271
69,84	-1,705	1,393	-1,305
70,34	-1,748	1,378	-1,326
70,86	-1,753	1,386	-1,363
71,36	-1,754	1,381	-1,368
71,87	-1,791	1,334	-1,419
72,37	-1,790	1,309	-1,425
72,88	-1,759	1,341	-1,373
73,40	-1,743	1,356	-1,334
73,91	-1,738	1,361	-1,318
74,43	-1,785	1,295	-1,342
74,93	-1,775	1,337	-1,305
75,43	-1,762	1,357	-1,288
75,94	-1,754	1,366	-1,279
76,45	-1,721	1,375	-1,238
76,97	-1,725	1,376	-1,245
77,47	-1,724	1,375	-1,252
77,98	-1,734	1,374	-1,244
78,49	-1,668	1,421	-1,202
79,01	-1,633	1,424	-1,175
79,52	-1,623	1,429	-1,177
80,04	-1,625	1,438	-1,194
80,54	-1,609	1,439	-1,190
81,04	-1,605	1,435	-1,192
81,56	-1,606	1,436	-1,200
82,07	-1,615	1,437	-1,218
82,58	-1,606	1,436	-1,215
83,08	-1,604	1,437	-1,220
83,60	-1,622	1,432	-1,224
84,11	-1,630	1,431	-1,235
84,63	-1,640	1,434	-1,227
85,13	-1,648	1,422	-1,213
85,64	-1,648	1,424	-1,219
86,14	-1,652	1,414	-1,227
86,66	-1,682	1,387	-1,276
87,17	-1,697	1,383	-1,295
87,67	-1,704	1,380	-1,284
88,17	-1,744	1,307	-1,243
88,69	-1,722	1,304	-1,214
89,19	-1,686	1,405	-1,224
89,69	-1,663	1,354	-1,230
90,20	-1,664	1,040	-1,068
90,70	-1,696	0,685	-1,025
91,22	-1,711	0,682	-1,029
91,73	-1,703	0,742	-1,050
92,23	-1,698	0,686	-1,037
92,73	-1,699	0,701	-1,040
93,24	-1,711	0,693	-1,031
93,74	-1,681	1,056	-1,059
94,25	-1,685	1,292	-1,178
94,75	-1,734	1,326	-1,204
95,26	-1,729	1,344	-1,244
95,76	-1,730	1,344	-1,331
96,27	-1,725	1,335	-1,351
96,79	-1,739	1,342	-1,326
97,29	-1,580	1,401	-1,205
97,79	-1,539	1,397	-1,177
98,30	-1,557	1,298	-1,107
98,80	-1,484	1,358	-1,160
99,31	-1,484	1,405	-1,216
99,81	-1,643	1,383	-1,230
100,33	-1,660	1,381	-1,256
100,84	-1,669	1,385	-1,272
101,34	-1,684	1,387	-1,281
101,84	-1,678	1,383	-1,290
102,34	-1,669	1,381	-1,234
102,84	-1,664	1,389	-1,230
103,36	-1,655	1,378	-1,231
103,86	-1,659	1,386	-1,232
104,36	-1,665	1,396	-1,302
104,87	-1,666	1,394	-1,323
105,37	-1,667	1,392	-1,324
105,87	-1,673	1,392	-1,298
106,37	-1,655	1,386	-1,215
106,88	-1,660	1,385	-1,235
107,38	-1,649	1,388	-1,230
107,88	-1,647	1,386	-1,224
108,40	-1,626	1,392	-1,199
108,90	-1,629	1,387	-1,205
109,40	-1,634	1,382	-1,215
109,91	-1,635	1,375	-1,218
110,42	-1,641	1,401	-1,216
110,93	-1,636	1,396	-1,233
111,43	-1,653	1,389	-1,254
111,95	-1,623	1,405	-1,207
112,45	-1,589	1,416	-1,181
112,95	-1,596	1,413	-1,194
113,46	-1,627	1,397	-1,243
113,97	-1,632	1,395	-1,278
114,47	-1,632	1,406	-1,265
114,99	-1,603	1,429	-1,217
115,49	-1,609	1,428	-1,229
116,00	-1,569	1,442	-1,349
116,51	-1,576	1,442	-1,346
117,01	-1,571	1,456	-1,215
117,51	-1,560	1,460	-1,219
118,02	-1,558	1,456	-1,226
118,54	-1,617	1,385	-1,285
119,04	-1,628	1,385	-1,294
119,54	-1,623	1,396	-1,323
120,05	-1,622	1,398	-1,368
120,55	-1,632	1,397	-1,338
121,05	-1,637	1,400	-1,302
121,56	-1,633	1,401	-1,286
122,06	-1,624	1,417	-1,261
122,58	-1,570	1,459	-1,216
123,09	-1,575	1,455	-1,228
123,61	-1,581	1,448	-1,227
124,12	-1,630	1,396	-1,264
124,62	-1,639	1,391	-1,265
125,12	-1,646	1,389	-1,258
125,63	-1,645	1,384	-1,245
126,13	-1,645	1,382	-1,240
126,65	-1,645	1,380	-1,240
127,15	-1,649	1,380	-1,240
127,65	-1,668	1,381	-1,305
128,16	-1,664	1,382	-1,337
128,66	-1,654	1,385	-1,251
129,16	-1,629	1,390	-1,203
129,68	-1,621	1,390	-1,198
130,19	-1,625	1,386	-1,204
130,69	-1,613	1,413	-1,188
131,20	-1,625	1,393	-1,212
131,72	-1,649	1,367	-1,244
132,22	-1,648	1,366	-1,246
132,73	-1,661	1,372	-1,301
133,23	-1,664	1,374	-1,313
133,74	-1,668	1,375	-1,323
134,26	-1,669	1,376	-1,324
134,77	-1,670	1,376	-1,318
135,28	-1,671	1,377	-1,316
135,79	-1,673	1,378	-1,313
136,29	-1,668	1,383	-1,273
136,80	-1,653	1,388	-1,238
137,31	-1,624	1,394	-1,218
137,81	-1,598	1,408	-1,202
138,31	-1,578	1,426	-1,182
138,82	-1,572	1,430	-1,186
139,33	-1,568	1,429	-1,185
139,85	-1,569	1,429	-1,185
140,35	-1,560	1,428	-1,152
140,86	-1,542	1,415	-1,102
141,39	-1,558	1,405	-1,134
141,90	-1,592	1,418	-1,220
142,42	-1,585	1,436	-1,271
142,93	-1,575	1,444	-1,278
143,45	-1,568	1,461	-1,276
143,96	-1,550	1,473	-1,280
144,48	-1,550	1,470	-1,273
144,98	-1,555	1,468	-1,267
145,48	-1,562	1,465	-1,262
145,99	-1,628	1,400	-1,312
146,51	-1,643	1,391	-1,353
147,01	-1,713	1,369	-1,431
147,51	-1,809	1,318	-1,486
148,01	-1,775	1,350	-1,478
148,51	-1,669	1,401	-1,434
149,01	-1,626	1,412	-1,355
149,51	-1,592	1,415	-1,308
150,02	-1,577	1,411	-1,299
150,52	-1,575	1,411	-1,309
151,04	-1,572	1,417	-1,299
151,54	-1,573	1,429	-1,301
152,04	-1,580	1,425	-1,322
152,55	-1,600	1,412	-1,327
153,05	-1,632	1,398	-1,321
153,56	-1,636	1,396	-1,335
154,08	-1,639	1,397	-1,336
154,58	-1,637	1,396	-1,348
155,08	-1,706	1,368	-1,397
155,58	-1,847	1,243	-1,464
156,09	-1,841	1,257	-1,502
156,59	-1,824	1,274	-1,534
157,09	-1,766	1,323	-1,477
157,61	-1,793	1,287	-1,411
158,12	-1,751	1,337	-1,344
158,63	-1,726	1,352	-1,341
159,13	-1,715	1,352	-1,363
159,65	-1,699	1,367	-1,380
160,16	-1,691	1,363	-1,387
160,66	-1,708	1,336	-1,391
161,16	-1,746	1,286	-1,364
161,67	-1,736	1,325	-1,348
162,19	-1,719	1,348	-1,345
162,69	-1,725	1,350	-1,333
163,19	-1,656	1,375	-1,316
163,70	-1,640	1,381	-1,319
164,22	-1,638	1,385	-1,321
164,73	-1,618	1,388	-1,333
165,24	-1,639	1,382	-1,326
165,74	-1,625	1,384	-1,339
166,26	-1,604	1,421	-1,346
166,77	-1,578	1,469	-1,348
167,27	-1,581	1,468	-1,345
167,77	-1,557	1,453	-1,354
168,29	-1,581	1,421	-1,339
168,80	-1,596	1,411	-1,338
169,30	-1,639	1,402	-1,357
169,81	-1,701	1,393	-1,385
170,31	-1,723	1,381	-1,391
170,81	-1,711	1,383	-1,389
171,33	-1,736	1,336	-1,390
171,83	-1,709	1,354	-1,316
172,35	-1,800	1,291	-1,321
172,85	-1,822	1,226	-1,333
173,37	-1,769	1,350	-1,309
173,87	-1,539	1,464	-1,227
174,37	-1,456	1,455	-1,162
174,88	-1,530	1,404	-1,233
175,38	-1,547	1,404	-1,268
175,90	-1,549	1,403	-1,271
176,41	-1,557	1,403	-1,270
176,91	-1,561	1,404	-1,272
177,43	-1,557	1,405	-1,269
177,94	-1,515	1,438	-1,236
178,44	-1,503	1,444	-1,234
178,94	-1,491	1,462	-1,237
179,45	-1,556	1,405	-1,291
179,97	-1,573	1,398	-1,310
180,47	-1,572	1,400	-1,306
180,97	-1,567	1,404	-1,297
181,47	-1,553	1,401	-1,268
181,98	-1,527	1,400	-1,233
182,48	-1,510	1,395	-1,189
182,99	-1,525	1,388	-1,128
183,49	-1,750	1,337	-1,110
183,99	-1,897	1,226	-1,084
184,51	-1,967	1,142	-1,066
185,01	-1,963	1,161	-1,061
185,51	-1,840	1,292	-1,093
186,01	-1,582	1,377	-1,116
186,52	-1,455	1,399	-1,114
187,04	-1,482	1,412	-1,159
187,54	-1,503	1,413	-1,184
188,04	-1,524	1,413	-1,207
188,55	-1,529	1,414	-1,214
189,05	-1,545	1,406	-1,214
189,55	-1,562	1,402	-1,229
190,06	-1,563	1,397	-1,219
190,58	-1,550	1,394	-1,203
191,08	-1,550	1,394	-1,201
191,59	-1,557	1,393	-1,210
192,09	-1,551	1,395	-1,220
192,61	-1,550	1,394	-1,213
193,11	-1,551	1,395	-1,218
193,62	-1,551	1,396	-1,224
194,13	-1,550	1,395	-1,225
194,65	-1,546	1,398	-1,216
195,15	-1,549	1,421	-1,226
195,66	-1,541	1,426	-1,227
196,16	-1,539	1,430	-1,240
196,66	-1,540	1,428	-1,233
197,18	-1,548	1,413	-1,234
197,68	-1,555	1,410	-1,243
198,19	-1,538	1,425	-1,232
198,70	-1,533	1,425	-1,241
199,20	-1,531	1,426	-1,238
199,71	-1,527	1,425	-1,236
200,22	-1,525	1,430	-1,224
200,74	-1,551	1,410	-1,261
201,25	-1,587	1,418	-1,298
201,75	-1,631	1,408	-1,291
202,27	-1,574	1,413	-1,202
202,77	-1,524	1,401	-1,141
203,28	-1,523	1,403	-1,163
203,78	-1,556	1,406	-1,211
204,29	-1,574	1,405	-1,245
204,79	-1,561	1,427	-1,244
205,30	-1,556	1,428	-1,248
205,81	-1,579	1,399	-1,262
206,33	-1,572	1,396	-1,257
206,83	-1,576	1,394	-1,254
207,34	-1,583	1,387	-1,248
207,86	-1,583	1,386	-1,252
208,36	-1,582	1,386	-1,254
208,86	-1,572	1,383	-1,244
209,36	-1,565	1,379	-1,239
209,87	-1,553	1,382	-1,234
210,38	-1,569	1,380	-1,242
210,89	-1,582	1,375	-1,263
211,40	-1,583	1,375	-1,270
211,91	-1,569	1,383	-1,257
212,41	-1,551	1,383	-1,225
212,91	-1,514	1,383	-1,197
213,41	-1,511	1,383	-1,201
213,93	-1,512	1,385	-1,197
214,44	-1,568	1,381	-1,245
214,95	-1,582	1,377	-1,270
215,47	-1,573	1,379	-1,260
215,97	-1,576	1,380	-1,243
216,47	-1,582	1,379	-1,256
216,98	-1,576	1,379	-1,239
217,48	-1,579	1,373	-1,220
217,99	-1,547	1,384	-1,188
218,49	-1,502	1,395	-1,211
219,01	-1,492	1,394	-1,210
219,52	-1,532	1,388	-1,202
220,04	-1,532	1,388	-1,210
220,54	-1,525	1,383	-1,215
221,05	-1,532	1,388	-1,228
221,56	-1,529	1,387	-1,224
222,06	-1,524	1,385	-1,226
222,58	-1,522	1,380	-1,225
223,09	-1,502	1,383	-1,223
223,61	-1,491	1,386	-1,223
224,11	-1,487	1,392	-1,229
224,61	-1,487	1,397	-1,233
225,12	-1,500	1,396	-1,229
225,62	-1,531	1,387	-1,219
226,13	-1,551	1,380	-1,213
226,63	-1,550	1,383	-1,223
227,15	-1,546	1,398	-1,239
227,65	-1,548	1,408	-1,270
228,16	-1,555	1,397	-1,313
228,68	-1,569	1,383	-1,322
229,19	-1,572	1,379	-1,284
229,69	-1,552	1,385	-1,241
230,19	-1,527	1,389	-1,220
230,70	-1,531	1,391	-1,222
231,20	-1,538	1,387	-1,227
231,72	-1,541	1,388	-1,222
232,23	-1,550	1,387	-1,228
232,74	-1,560	1,383	-1,224
233,24	-1,551	1,385	-1,213
233,75	-1,543	1,387	-1,204
234,26	-1,517	1,390	-1,188
234,77	-1,495	1,388	-1,179
235,29	-1,515	1,382	-1,177
235,80	-1,534	1,386	-1,193
236,31	-1,546	1,390	-1,208
236,83	-1,541	1,395	-1,212
237,33	-1,543	1,394	-1,216
237,83	-1,535	1,396	-1,217
238,33	-1,536	1,395	-1,221
238,84	-1,540	1,394	-1,217
239,36	-1,535	1,393	-1,212
239,87	-1,529	1,393	-1,211
240,37	-1,537	1,396	-1,213
240,88	-1,529	1,397	-1,229
241,40	-1,539	1,395	-1,232
241,91	-1,527	1,408	-1,231
242,41	-1,524	1,420	-1,237
242,93	-1,523	1,419	-1,233
243,45	-1,525	1,421	-1,227
243,95	-1,548	1,400	-1,248
244,46	-1,577	1,415	-1,274
244,96	-1,576	1,389	-1,286
245,47	-1,525	1,393	-1,226
245,99	-1,477	1,388	-1,174
246,50	-1,486	1,395	-1,199
247,01	-1,543	1,388	-1,235
247,52	-1,701	1,313	-1,256
248,02	-1,775	1,358	-1,217
248,52	-1,765	1,340	-1,031
249,04	-1,821	1,210	-0,915
249,54	-1,795	1,281	-0,930
250,05	-1,637	1,418	-1,063
250,56	-1,595	1,393	-1,238
251,07	-1,559	1,397	-1,285
251,58	-1,543	1,391	-1,253
252,08	-1,539	1,389	-1,247
252,58	-1,548	1,388	-1,254
253,08	-1,559	1,389	-1,254
253,59	-1,575	1,389	-1,260
254,09	-1,552	1,427	-1,264
254,60	-1,506	1,447	-1,223
255,11	-1,515	1,431	-1,167
255,62	-1,583	1,369	-1,130
256,13	-1,760	1,216	-0,964
256,63	-1,758	1,239	-0,961
257,13	-1,577	1,384	-1,122
257,63	-1,501	1,413	-1,288
258,15	-1,518	1,410	-1,428
258,65	-1,600	1,384	-1,447
259,15	-1,821	1,309	-1,505
259,66	-1,850	1,307	-1,498
260,16	-1,877	1,285	-1,521
260,66	-1,871	1,287	-1,522
261,17	-1,811	1,342	-1,474
261,67	-1,705	1,376	-1,419
262,17	-1,660	1,379	-1,363
262,67	-1,637	1,380	-1,340
263,19	-1,640	1,376	-1,344
263,69	-1,657	1,373	-1,343
264,19	-1,667	1,371	-1,348
264,70	-1,642	1,376	-1,346
265,20	-1,640	1,378	-1,358
265,72	-1,637	1,379	-1,357
266,22	-1,637	1,379	-1,355
266,73	-1,639	1,379	-1,344
267,24	-1,635	1,380	-1,337
267,76	-1,637	1,377	-1,335
268,26	-1,626	1,385	-1,311
268,77	-1,570	1,382	-1,259
269,29	-1,473	1,418	-1,209
269,79	-1,409	1,409	-1,165
270,30	-1,396	1,396	-1,155
270,80	-1,416	1,394	-1,162
271,31	-1,475	1,396	-1,207
271,81	-1,530	1,400	-1,258
272,31	-1,557	1,404	-1,285
272,83	-1,568	1,404	-1,284
273,33	-1,574	1,398	-1,285
273,83	-1,566	1,391	-1,298
274,33	-1,563	1,395	-1,295
274,84	-1,551	1,400	-1,292
275,34	-1,541	1,398	-1,291
275,84	-1,553	1,398	-1,291
276,35	-1,556	1,400	-1,296
276,87	-1,564	1,398	-1,293
277,38	-1,572	1,396	-1,288
277,88	-1,575	1,393	-1,278
278,40	-1,578	1,394	-1,284
278,90	-1,572	1,398	-1,287
279,40	-1,562	1,404	-1,287
279,91	-1,562	1,414	-1,294
280,41	-1,563	1,399	-1,299
280,92	-1,562	1,399	-1,296
281,44	-1,560	1,398	-1,293
281,94	-1,555	1,401	-1,283
282,45	-1,588	1,402	-1,315
282,97	-1,622	1,392	-1,338
283,47	-1,625	1,391	-1,357
283,98	-1,630	1,388	-1,344
284,49	-1,637	1,386	-1,354
285,01	-1,663	1,381	-1,379
285,51	-1,683	1,374	-1,389
286,02	-1,690	1,362	-1,382
286,53	-1,732	1,284	-1,412
287,05	-1,699	1,320	-1,358
287,55	-1,780	1,294	-1,319
288,05	-2,004	1,148	-1,265
288,56	-1,995	1,211	-1,256
289,08	-1,804	1,353	-1,243
289,58	-1,571	1,412	-1,195
290,09	-1,483	1,427	-1,190
290,59	-1,472	1,405	-1,188
291,09	-1,473	1,403	-1,191
291,61	-1,476	1,404	-1,200
292,11	-1,478	1,401	-1,203
292,62	-1,478	1,400	-1,203
293,13	-1,459	1,417	-1,190
293,63	-1,463	1,424	-1,208
294,15	-1,474	1,424	-1,197
294,65	-1,480	1,422	-1,190
295,17	-1,483	1,420	-1,181
295,68	-1,486	1,397	-1,184
296,18	-1,541	1,423	-1,271
296,70	-1,602	1,402	-1,359
297,21	-1,646	1,375	-1,407
297,72	-1,576	1,429	-1,352
298,25	-1,555	1,431	-1,311
298,76	-1,561	1,433	-1,303
299,28	-1,589	1,426	-1,306
299,79	-1,562	1,429	-1,300
300,29	-1,547	1,429	-1,296
300,81	-1,538	1,431	-1,292
301,32	-1,538	1,429	-1,290
301,83	-1,542	1,429	-1,288
302,33	-1,545	1,429	-1,285
302,83	-1,543	1,432	-1,277
303,35	-1,535	1,437	-1,274
303,85	-1,507	1,438	-1,279
304,36	-1,508	1,435	-1,279
304,88	-1,533	1,439	-1,279
305,39	-1,541	1,437	-1,272
305,90	-1,571	1,412	-1,299
306,42	-1,573	1,426	-1,305
306,92	-1,555	1,425	-1,315
307,43	-1,523	1,427	-1,325
307,94	-1,517	1,433	-1,318
308,45	-1,505	1,434	-1,326
308,95	-1,503	1,439	-1,330
309,45	-1,499	1,443	-1,335
309,97	-1,505	1,435	-1,337
310,47	-1,517	1,427	-1,334
310,98	-1,535	1,415	-1,324
311,48	-1,544	1,396	-1,318
311,98	-1,604	1,372	-1,340
312,49	-1,661	1,351	-1,387
313,00	-1,672	1,354	-1,406
313,51	-1,678	1,351	-1,404
314,01	-1,694	1,330	-1,385
314,52	-1,694	1,321	-1,382
315,04	-1,681	1,325	-1,372
315,55	-1,672	1,329	-1,374
316,05	-1,682	1,344	-1,402
316,56	-1,732	1,318	-1,448
317,08	-1,760	1,275	-1,442
317,59	-1,752	1,275	-1,431
318,09	-1,741	1,306	-1,411
318,60	-1,765	1,212	-1,398
319,10	-1,795	0,847	-1,345
319,61	-1,769	1,104	-1,312
320,12	-1,631	1,353	-1,288
320,62	-1,572	1,387	-1,302
321,12	-1,587	1,393	-1,378
321,63	-1,586	1,393	-1,347
322,15	-1,581	1,390	-1,316
322,65	-1,586	1,388	-1,314
323,15	-1,585	1,386	-1,319
323,65	-1,589	1,385	-1,323
324,16	-1,585	1,389	-1,326
324,66	-1,584	1,388	-1,323
325,17	-1,588	1,377	-1,339
325,69	-1,600	1,377	-1,358
326,19	-1,605	1,375	-1,357
326,69	-1,585	1,377	-1,317
327,19	-1,560	1,377	-1,252
327,69	-1,647	1,376	-1,245
328,19	-1,760	1,358	-1,262
328,70	-1,798	1,339	-1,259
329,20	-1,810	1,331	-1,257
329,70	-1,811	1,328	-1,265
330,22	-1,825	1,322	-1,276
330,73	-1,815	1,327	-1,278
331,23	-1,789	1,336	-1,273
331,74	-1,686	1,384	-1,248
332,24	-1,515	1,433	-1,199
332,74	-1,445	1,459	-1,249
333,26	-1,497	1,456	-1,310
333,77	-1,316	1,460	-1,311
334,29	-1,281	1,466	-1,376
334,80	-1,293	1,456	-1,360
335,31	-1,270	1,428	-1,335
335,81	-1,244	1,415	-1,313
336,33	-1,267	1,421	-1,260
336,83	-1,443	1,442	-1,242
337,34	-1,475	1,446	-1,330
337,85	-1,433	1,455	-1,327
338,37	-1,371	1,471	-1,368
338,87	-1,403	1,456	-1,354
339,37	-1,401	1,455	-1,275
339,88	-1,434	1,455	-1,341
340,38	-1,443	1,451	-1,347
340,89	-1,429	1,451	-1,326
341,39	-1,413	1,450	-1,304
341,90	-1,403	1,450	-1,293
342,40	-1,400	1,451	-1,288
342,92	-1,401	1,456	-1,305
343,43	-1,430	1,447	-1,302
343,93	-1,462	1,343	-1,255
344,44	-1,466	1,414	-1,274
344,96	-1,441	1,445	-1,292
345,46	-1,437	1,453	-1,293
345,96	-1,436	1,454	-1,311
346,47	-1,452	1,449	-1,337
346,98	-1,443	1,464	-1,351
347,48	-1,412	1,472	-1,361
347,98	-1,437	1,439	-1,385
348,49	-1,451	1,452	-1,374
349,01	-1,423	1,463	-1,347
349,52	-1,417	1,463	-1,327
350,02	-1,418	1,463	-1,327
350,52	-1,412	1,446	-1,322
351,04	-1,405	1,437	-1,321
351,55	-1,411	1,437	-1,322
352,05	-1,422	1,433	-1,305
352,56	-1,411	1,430	-1,299
353,06	-1,402	1,427	-1,298
353,58	-1,413	1,433	-1,294
354,09	-1,415	1,432	-1,306
354,61	-1,418	1,431	-1,311
355,11	-1,410	1,435	-1,311
355,62	-1,415	1,434	-1,306
356,12	-1,421	1,435	-1,298
356,62	-1,427	1,435	-1,294
357,13	-1,415	1,435	-1,289
357,65	-1,416	1,436	-1,289
358,15	-1,412	1,436	-1,286
358,65	-1,417	1,436	-1,286
359,15	-1,416	1,436	-1,281
359,67	-1,424	1,436	-1,280
360,17	-1,430	1,435	-1,275
360,68	-1,431	1,436	-1,273
361,19	-1,433	1,436	-1,273
361,70	-1,426	1,436	-1,270
362,21	-1,424	1,438	-1,270
362,73	-1,431	1,436	-1,259
363,24	-1,432	1,437	-1,269
363,74	-1,426	1,438	-1,272
364,25	-1,427	1,434	-1,275
364,76	-1,439	1,397	-1,283
365,27	-1,435	1,395	-1,292
365,78	-1,434	1,413	-1,291
366,29	-1,424	1,430	-1,292
366,79	-1,423	1,419	-1,299
367,29	-1,435	1,414	-1,306
367,79	-1,460	1,413	-1,306
368,30	-1,523	1,388	-1,411
368,81	-1,540	1,379	-1,436
369,31	-1,517	1,392	-1,367
369,81	-1,457	1,431	-1,289
370,33	-1,427	1,442	-1,283
370,84	-1,443	1,417	-1,280
371,34	-1,451	1,409	-1,282
371,85	-1,473	1,400	-1,310
372,37	-1,427	1,429	-1,297
372,87	-1,420	1,437	-1,311
373,39	-1,420	1,437	-1,314
373,89	-1,421	1,434	-1,308
374,41	-1,425	1,435	-1,317
374,92	-1,425	1,435	-1,325
375,42	-1,441	1,438	-1,333
375,93	-1,446	1,436	-1,321
376,43	-1,473	1,428	-1,314
376,94	-1,494	1,413	-1,316
377,44	-1,476	1,430	-1,298
377,95	-1,470	1,432	-1,289
378,46	-1,462	1,434	-1,290
378,96	-1,451	1,435	-1,301
379,46	-1,437	1,438	-1,308
379,96	-1,431	1,438	-1,317
380,47	-1,423	1,440	-1,327
380,97	-1,419	1,442	-1,324
381,48	-1,450	1,430	-1,320
381,99	-1,466	1,415	-1,340
382,51	-1,488	1,389	-1,372
383,01	-1,508	1,363	-1,414
383,52	-1,441	1,309	-1,334
384,02	-1,400	1,302	-1,225
384,52	-1,395	1,343	-1,281
385,02	-1,397	1,397	-1,329
385,53	-1,390	1,427	-1,345
386,04	-1,399	1,419	-1,344
386,54	-1,390	1,454	-1,361
387,04	-1,379	1,435	-1,336
387,55	-1,348	1,428	-1,294
388,05	-1,253	1,434	-1,300
388,56	-1,258	1,421	-1,305
389,08	-1,232	1,424	-1,313
389,58	-1,312	1,417	-1,265
390,09	-1,420	1,396	-1,372
390,59	-1,406	1,389	-1,385
391,10	-1,401	1,388	-1,377
391,62	-1,603	1,297	-1,282
392,12	-1,690	1,241	-1,181
392,62	-1,468	1,344	-1,163
393,13	-1,271	1,378	-1,217
393,63	-1,212	1,371	-1,243
394,15	-1,163	1,356	-1,232
394,66	-1,162	1,392	-1,164
395,17	-1,201	1,393	-1,157
395,67	-1,178	1,360	-1,101
396,19	-1,263	1,292	-0,727
396,70	-1,217	1,147	-0,467
397,20	-1,229	0,784	-0,310
397,71	-1,261	0,698	-0,291
398,23	-1,260	0,708	-0,280
398,73	-1,261	0,705	-0,278
399,24	-1,262	0,703	-0,276
399,76	-1,250	0,720	-0,272
400,26	-1,107	0,988	-0,284
400,77	-1,023	1,253	-0,436
401,27	-1,205	1,411	-0,586
401,77	-1,288	1,399	-0,871
402,28	-1,517	1,399	-1,034
402,80	-1,748	1,370	-0,955
403,31	-2,012	1,214	-0,845
403,83	-1,944	1,237	-0,775
404,33	-1,462	1,382	-0,791
404,84	-1,244	1,406	-0,840
405,34	-1,234	1,416	-0,786
405,84	-1,234	1,404	-0,721
406,35	-1,252	1,455	-0,738
406,87	-1,038	1,416	-0,912
407,38	-0,806	1,391	-0,914
407,90	-0,585	1,403	-0,741
408,40	-0,336	1,396	-0,717
408,91	-0,212	1,402	-0,658
409,42	-0,238	1,390	-0,617
409,92	-0,270	1,340	-0,555
410,44	-0,290	1,252	-0,496
410,94	-0,333	0,988	-0,421
411,45	-0,396	0,620	-0,431
411,95	-0,372	0,963	-0,403
412,46	-0,213	1,288	-0,497
412,97	0,007	1,287	-0,433
413,48	0,041	1,302	-0,428
413,99	-0,040	1,315	-0,408
414,49	-0,045	1,311	-0,410
415,01	-0,045	1,310	-0,409
415,51	-0,047	1,312	-0,411
416,01	-0,157	1,368	-0,481
416,52	-0,170	1,369	-0,473
417,03	0,042	1,416	-0,513
417,53	0,008	1,424	-0,511
418,03	-0,066	1,394	-0,446
418,55	-0,129	1,353	-0,509
419,05	0,025	1,278	-0,407
419,55	0,038	1,282	-0,404
420,06	0,018	1,280	-0,406
420,56	-0,200	1,392	-0,554
421,06	-0,133	1,376	-0,515
421,58	0,041	1,301	-0,414
422,09	0,018	1,308	-0,402
422,59	-0,042	1,328	-0,417
423,09	-0,104	1,371	-0,451
423,60	-0,042	1,340	-0,432
424,11	-0,309	1,391	-0,646
424,62	-0,579	1,399	-0,866
425,12	-0,929	1,389	-0,829
425,62	-1,086	1,360	-0,716
426,13	-1,066	1,364	-0,745
426,65	-1,011	1,396	-0,805
427,16	-0,961	1,382	-0,788
427,66	-1,176	1,376	-0,835
428,17	-1,391	1,331	-0,905
428,67	-1,478	1,465	-0,996
429,19	-1,549	1,428	-1,019
429,70	-1,978	1,302	-1,008
430,20	-2,146	1,193	-0,961
430,70	-1,923	1,358	-0,993
431,20	-1,516	1,401	-1,035
431,72	-1,385	1,400	-1,045
432,22	-1,412	1,460	-1,026
432,73	-1,445	1,426	-1,003
433,24	-1,430	1,417	-0,989
433,76	-1,426	1,413	-0,980
434,27	-1,424	1,416	-0,969
434,78	-1,440	1,415	-0,966
435,30	-1,455	1,417	-0,975
435,81	-1,440	1,411	-0,976
436,33	-1,445	1,415	-0,985
436,83	-1,436	1,417	-0,986
437,34	-1,432	1,408	-0,962
437,85	-1,423	1,408	-0,972
438,37	-1,438	1,409	-0,965
438,87	-1,421	1,417	-0,987
439,37	-1,398	1,413	-0,989
439,87	-1,317	1,388	-0,978
440,37	-1,079	1,414	-0,993
440,88	-0,912	1,466	-0,983
441,38	-0,940	1,471	-1,015
441,90	-1,000	1,441	-1,095
442,41	-0,992	1,437	-1,085
442,91	-0,836	1,442	-1,052
443,42	-0,796	1,436	-0,957
443,92	-0,887	1,423	-0,892
444,42	-0,932	1,371	-0,853
444,92	-0,949	1,378	-0,868
445,44	-0,893	1,335	-0,900
445,96	-0,837	1,376	-1,015
446,47	-0,845	1,369	-0,998
446,97	-1,048	1,360	-0,826
447,47	-1,136	1,473	-0,861
447,98	-0,930	1,418	-0,715
448,49	-0,785	1,393	-0,531
449,01	-0,753	1,440	-0,231
449,52	-0,524	1,459	0,025
450,02	-0,295	1,465	0,259
450,53	-0,270	1,461	0,289
451,05	-0,259	1,458	0,288
451,56	-0,229	1,439	0,328
452,06	-0,155	1,408	0,417
452,58	-0,207	1,373	0,384
453,09	-0,424	1,363	0,244
453,59	-0,613	1,341	0,105
454,09	-0,624	1,332	0,054
454,60	-0,577	1,317	0,064
455,10	-0,505	1,350	0,080
455,62	-0,213	1,360	0,196
456,12	-0,140	1,375	0,396
456,63	-0,086	1,388	0,684
457,15	0,168	1,143	0,969
457,66	0,216	0,830	1,161
458,17	0,227	0,822	1,208
458,69	0,248	1,243	1,078
459,20	0,173	1,399	0,816
459,70	0,049	1,424	0,682
460,22	-0,032	1,422	0,489
460,72	-0,114	1,427	0,390
461,22	-0,095	1,466	0,320
461,72	0,001	1,482	0,219
462,23	-0,023	1,437	0,148
462,74	-0,192	1,383	0,016
463,24	-0,348	1,412	-0,129
463,76	-0,390	1,443	-0,252
464,26	-0,546	1,420	-0,411
464,77	-0,894	1,416	-0,547
465,29	-1,054	1,402	-0,748
465,79	-1,196	1,392	-0,963
466,29	-1,353	1,374	-0,984
466,80	-1,411	1,369	-1,099
467,31	-1,422	1,374	-1,139
467,81	-1,423	1,377	-1,148
468,33	-1,422	1,377	-1,149
468,83	-1,425	1,370	-1,106
469,33	-1,434	1,368	-1,107
469,84	-1,439	1,375	-1,131
470,34	-1,427	1,386	-1,083
470,85	-1,214	1,416	-1,008
471,37	-1,173	1,398	-1,018
471,87	-1,472	1,370	-1,115
472,37	-1,742	1,249	-1,104
472,88	-1,740	1,325	-1,029
473,38	-1,550	1,396	-1,166
473,88	-1,186	1,428	-1,205
474,40	-1,035	1,472	-1,357
474,91	-0,824	1,438	-1,452
475,42	-0,365	1,433	-1,367
475,92	0,044	1,429	-1,389
476,44	0,353	1,423	-1,181
476,95	0,628	1,351	-0,898
477,47	0,872	1,266	-0,688
477,98	0,865	1,328	-0,697
478,48	0,580	1,383	-0,946
478,98	0,447	1,400	-1,057
479,48	0,182	1,408	-1,091
479,98	-0,204	1,430	-1,228
480,49	-0,446	1,445	-1,116
480,99	-0,802	1,412	-1,020
481,51	-1,230	1,363	-1,059
482,01	-1,503	1,344	-0,976
482,52	-1,621	1,332	-0,936
483,02	-1,633	1,333	-0,960
483,53	-1,622	1,344	-1,025
484,05	-1,646	1,329	-1,027
484,56	-1,784	1,278	-1,048
485,06	-1,861	1,257	-1,128
485,56	-1,795	1,317	-1,181
486,08	-1,757	1,329	-1,148
486,59	-1,742	1,329	-1,112
487,09	-1,723	1,336	-1,046
487,60	-1,444	1,378	-1,023
488,11	-1,213	1,385	-0,971
488,62	-1,184	1,354	-0,722
489,12	-1,163	1,343	-0,387
489,63	-1,094	1,245	-0,112
490,13	-1,118	1,207	-0,036
490,65	-1,178	1,308	-0,070
491,15	-1,223	1,352	-0,167
491,65	-1,194	1,284	-0,126
492,16	-1,216	1,259	-0,083
492,66	-1,362	1,385	-0,181
493,16	-1,311	1,418	-0,271
493,67	-1,302	1,421	-0,347
494,18	-1,395	1,412	-0,566
494,69	-1,548	1,375	-0,763
495,19	-1,701	1,343	-0,857
495,70	-1,693	1,340	-1,027
496,20	-1,683	1,349	-1,176
496,70	-1,728	1,357	-1,180
497,20	-1,752	1,365	-1,217
497,72	-1,779	1,348	-1,198
498,22	-1,764	1,354	-1,216
498,72	-1,548	1,390	-1,067
499,23	-1,240	1,399	-0,884
499,73	-1,134	1,387	-0,640
500,24	-0,918	1,360	-0,402
500,76	-0,613	1,266	-0,168
501,27	-0,556	1,243	-0,080
501,78	-0,600	1,313	-0,116
502,30	-0,694	1,370	-0,376
502,81	-0,889	1,398	-0,666
503,31	-1,162	1,396	-0,917
503,81	-1,427	1,372	-1,118
504,33	-1,682	1,346	-1,141
504,83	-1,846	1,319	-1,345
505,33	-1,786	1,366	-1,276
505,84	-1,409	1,414	-1,195
506,34	-1,414	1,420	-1,157
506,84	-1,417	1,402	-1,107
507,35	-1,085	1,412	-0,976
507,85	-0,929	1,403	-0,830
508,37	-0,820	1,423	-0,561
508,87	-0,622	1,407	-0,313
509,37	-0,401	1,421	-0,057
509,88	-0,380	1,407	-0,010
510,38	-0,341	1,389	0,021
510,88	-0,342	1,411	-0,028
511,40	-0,349	1,406	-0,058
511,91	-0,376	1,406	-0,086
512,41	-0,396	1,400	-0,082
512,92	-0,396	1,393	-0,084
513,44	-0,382	1,394	-0,048
513,94	-0,294	1,380	0,060
514,45	-0,241	1,311	0,159
514,95	-0,242	1,373	0,094
515,47	-0,266	1,405	0,009
515,97	-0,293	1,397	0,005
516,48	-0,311	1,385	0,024
516,98	-0,314	1,363	0,020
517,48	-0,413	1,358	-0,045
517,99	-0,537	1,357	-0,111
518,49	-0,522	1,355	-0,121
518,99	-0,223	1,226	-0,006
519,49	0,046	0,767	0,130
519,99	0,038	0,674	0,216
520,51	0,052	0,886	0,207
521,02	-0,062	1,328	-0,025
521,53	-0,318	1,425	-0,160
522,04	-0,445	1,438	-0,232
522,55	-0,642	1,457	-0,471
523,05	-0,727	1,497	-0,699
523,56	-0,679	1,506	-0,782
524,06	-0,872	1,433	-0,696
524,58	-1,129	1,358	-0,832
525,09	-1,407	1,355	-0,964
525,60	-1,657	1,263	-0,900
526,10	-1,634	1,313	-0,942
526,60	-1,268	1,409	-0,913
527,12	-1,027	1,404	-0,845
527,63	-0,763	1,357	-0,669
528,15	-0,311	1,142	-0,550
528,65	-0,291	1,226	-0,570
529,15	-0,451	1,363	-0,648
529,66	-0,548	1,379	-0,666
530,16	-0,590	1,389	-0,661
530,66	-0,568	1,406	-0,670
531,16	-0,582	1,417	-0,628
531,66	-0,748	1,413	-0,623
532,17	-0,874	1,380	-0,764
532,67	-1,013	1,385	-0,927
533,19	-1,422	1,376	-1,202
533,70	-1,680	1,356	-1,175
534,20	-1,856	1,293	-1,050
534,70	-1,935	1,317	-1,147
535,22	-2,160	1,202	-1,301
535,72	-2,281	1,116	-1,316
536,23	-2,063	1,306	-1,228
536,75	-1,664	1,406	-1,145
537,26	-1,579	1,424	-1,076
537,77	-1,579	1,405	-0,988
538,29	-1,321	1,396	-0,910
538,80	-1,063	1,382	-0,711
539,31	-0,711	1,332	-0,245
539,81	-0,538	1,274	-0,071
540,33	-0,573	1,353	-0,134
540,84	-0,597	1,382	-0,236
541,34	-0,597	1,379	-0,250
541,84	-0,599	1,380	-0,250
542,35	-0,589	1,369	-0,240
542,85	-0,511	1,379	-0,361
543,35	-0,701	1,406	-0,456
543,85	-0,941	1,408	-0,673
544,36	-1,091	1,409	-0,678
544,87	-1,379	1,362	-0,684
545,38	-1,653	1,284	-0,731
545,90	-1,667	1,288	-0,760
546,41	-1,399	1,393	-0,743
546,91	-1,155	1,409	-0,766
547,42	-1,081	1,416	-0,703
547,94	-1,011	1,378	-0,593
548,45	-0,739	1,368	-0,479
548,95	-0,642	1,356	-0,228
549,47	-0,533	1,302	0,062
549,98	-0,486	1,349	-0,009
550,49	-0,518	1,358	-0,330
551,01	-0,588	1,375	-0,361
551,52	-0,649	1,392	-0,264
552,02	-0,620	1,400	-0,291
552,53	-0,609	1,405	-0,319
553,05	-0,646	1,407	-0,305
553,56	-0,648	1,416	-0,271
554,06	-0,663	1,438	-0,285
554,56	-0,639	1,442	-0,373
555,08	-0,752	1,455	-0,484
555,59	-0,812	1,453	-0,516
556,11	-0,831	1,446	-0,520
556,61	-0,863	1,429	-0,541
557,12	-0,893	1,420	-0,580
557,63	-0,911	1,412	-0,594
558,15	-0,906	1,429	-0,569
558,66	-0,923	1,428	-0,571
559,16	-0,940	1,425	-0,572
559,66	-0,949	1,424	-0,573
560,17	-0,945	1,424	-0,577
560,69	-0,937	1,425	-0,582
561,20	-0,924	1,425	-0,576
561,70	-0,830	1,415	-0,509
562,22	-0,756	1,433	-0,496
562,72	-0,805	1,449	-0,516
563,23	-0,817	1,448	-0,504
563,73	-0,813	1,449	-0,504
564,24	-0,824	1,443	-0,495
564,75	-0,856	1,436	-0,495
565,25	-0,873	1,440	-0,525
565,75	-0,900	1,443	-0,535
566,26	-0,930	1,447	-0,576
566,78	-0,928	1,447	-0,627
567,28	-0,913	1,396	-0,574
567,79	-0,958	1,386	-0,680
568,29	-0,971	1,378	-0,851
568,81	-0,912	1,394	-0,644
569,33	-0,710	1,378	-0,574
569,83	-0,707	1,358	-0,537
570,33	-0,846	1,351	-0,476
570,84	-0,874	1,362	-0,502
571,34	-0,926	1,419	-0,568
571,84	-0,889	1,424	-0,563
572,35	-0,707	1,349	-0,579
572,85	-0,689	1,345	-0,590
573,37	-0,687	1,346	-0,612
573,87	-0,705	1,348	-0,618
574,37	-0,715	1,357	-0,620
574,88	-0,705	1,402	-0,613
575,40	-0,869	1,401	-0,555
575,91	-0,914	1,410	-0,761
576,42	-1,008	1,424	-0,949
576,94	-1,017	1,444	-0,983
577,45	-0,990	1,455	-0,956
577,97	-0,975	1,459	-0,953
578,48	-0,970	1,453	-0,948
578,99	-0,969	1,449	-0,944
579,49	-0,964	1,447	-0,938
580,01	-0,961	1,445	-0,938
580,52	-0,960	1,441	-0,945
581,03	-0,965	1,439	-0,950
581,55	-0,965	1,438	-0,952
582,05	-0,961	1,439	-0,952
582,55	-0,962	1,436	-0,947
583,06	-0,965	1,434	-0,946
583,58	-0,962	1,433	-0,944
584,08	-0,947	1,446	-0,965
584,58	-0,948	1,446	-0,964
585,08	-0,947	1,446	-0,967
585,58	-0,943	1,446	-0,966
586,10	-0,942	1,433	-0,962
586,61	-0,956	1,425	-0,982
587,11	-0,968	1,406	-1,003
587,63	-0,978	1,405	-1,037
588,14	-1,000	1,411	-1,081
588,66	-1,088	1,418	-1,034
589,17	-1,106	1,381	-0,831
589,67	-1,220	1,361	-0,770
590,18	-1,485	1,358	-0,780
590,68	-1,611	1,341	-0,837
591,18	-1,708	1,302	-0,831
591,69	-1,765	1,264	-0,818
592,20	-1,700	1,312	-0,826
592,70	-1,526	1,370	-0,829
593,22	-1,446	1,382	-0,828
593,73	-1,431	1,389	-0,829
594,25	-1,419	1,391	-0,825
594,76	-1,412	1,414	-0,824
595,26	-1,395	1,397	-0,818
595,77	-1,400	1,391	-0,809
596,27	-1,401	1,389	-0,800
596,79	-1,400	1,390	-0,806
597,30	-1,399	1,390	-0,816
597,80	-1,397	1,390	-0,824
598,30	-1,396	1,391	-0,833
598,81	-1,399	1,388	-0,837
599,33	-1,400	1,387	-0,841
599,84	-1,406	1,389	-0,854
600,34	-1,410	1,409	-0,874
600,86	-1,405	1,419	-0,882
601,37	-1,384	1,418	-0,873
601,87	-1,378	1,411	-0,859
602,38	-1,392	1,407	-0,837
602,88	-1,389	1,407	-0,829
603,38	-1,383	1,404	-0,831
603,88	-1,351	1,397	-0,833
604,40	-1,426	1,376	-0,832
604,91	-1,569	1,353	-0,882
605,41	-1,686	1,315	-0,880
605,92	-1,691	1,316	-0,885
606,42	-1,526	1,403	-0,801
606,94	-1,205	1,436	-0,868
607,45	-1,127	1,447	-0,845
607,95	-1,134	1,446	-0,796
608,45	-1,136	1,430	-0,741
608,97	-1,064	1,417	-0,778
609,48	-1,054	1,425	-0,802
609,98	-1,076	1,415	-0,793
610,49	-1,086	1,407	-0,759
610,99	-1,090	1,459	-0,763
611,49	-1,088	1,461	-0,660
612,01	1,379	-0,425	-1,493
Session ended: 19-05-2026 10:53:09
