Time(s)	X	Y	Z
3,08	-0,720	-0,305	-1,230
3,58	-0,720	-0,305	-1,230
4,09	-1,625	1,857	-0,698
4,60	-1,623	1,856	-0,698
5,11	-1,622	1,856	-0,697
5,61	-0,720	1,855	-1,230
6,12	-0,721	1,854	-1,229
6,64	-0,781	1,845	-1,232
7,15	-0,786	1,818	-1,232
7,66	-0,826	1,769	-1,221
8,16	-0,940	1,810	-1,268
8,68	-1,005	1,834	-1,311
9,19	-0,973	1,807	-1,288
9,69	-0,945	1,787	-1,193
10,19	-0,954	1,796	-1,208
10,69	-0,972	1,806	-1,216
11,20	-0,951	1,826	-1,221
11,70	-0,939	1,824	-1,204
12,24	-0,930	1,837	-1,209
12,74	-0,959	1,835	-1,252
13,25	-0,984	1,839	-1,289
13,76	-0,915	1,844	-1,245
14,26	-0,874	1,830	-1,171
14,76	-0,895	1,822	-1,189
15,27	-0,955	1,792	-1,222
15,77	-0,962	1,805	-1,219
16,29	-0,937	1,815	-1,235
16,79	-0,920	1,823	-1,239
17,29	-0,902	1,841	-1,244
17,80	-0,893	1,840	-1,247
18,31	-0,888	1,840	-1,248
18,82	-0,881	1,844	-1,260
19,33	-0,874	1,847	-1,259
19,83	-0,880	1,847	-1,256
20,33	-0,889	1,850	-1,251
20,84	-0,901	1,841	-1,239
21,36	-0,911	1,835	-1,228
21,87	-0,921	1,831	-1,228
22,38	-0,925	1,827	-1,227
22,88	-0,931	1,825	-1,220
23,40	-0,924	1,835	-1,226
23,91	-0,915	1,839	-1,233
24,41	-0,912	1,836	-1,238
24,93	-0,909	1,834	-1,238
25,44	-0,902	1,839	-1,242
25,94	-0,905	1,835	-1,239
26,45	-0,907	1,833	-1,235
26,95	-0,910	1,834	-1,235
27,47	-0,911	1,833	-1,240
27,98	-0,917	1,830	-1,239
28,49	-0,913	1,832	-1,238
29,00	-0,915	1,835	-1,238
29,50	-0,914	1,836	-1,242
30,01	-0,911	1,837	-1,240
30,52	-0,912	1,835	-1,239
31,02	-0,911	1,832	-1,240
31,52	-0,906	1,833	-1,241
32,04	-0,902	1,831	-1,238
32,54	-0,902	1,808	-1,222
33,04	-0,903	1,808	-1,215
33,55	-0,917	1,793	-1,219
34,05	-0,925	1,794	-1,217
34,55	-0,927	1,794	-1,208
35,06	-0,920	1,794	-1,196
35,57	-0,928	1,818	-1,216
36,08	-0,930	1,817	-1,227
36,59	-0,905	1,810	-1,220
37,11	-0,881	1,819	-1,227
37,62	-0,878	1,828	-1,233
38,13	-0,881	1,835	-1,239
38,65	-0,895	1,839	-1,238
39,15	-0,894	1,835	-1,232
39,66	-0,894	1,834	-1,232
40,18	-0,895	1,832	-1,232
40,68	-0,892	1,829	-1,232
41,19	-0,890	1,830	-1,230
41,70	-0,892	1,832	-1,230
42,20	-0,893	1,831	-1,231
42,72	-0,889	1,832	-1,232
43,22	-0,883	1,834	-1,237
43,73	-0,883	1,834	-1,241
44,25	-0,882	1,833	-1,241
44,76	-0,882	1,832	-1,240
45,26	-0,882	1,832	-1,241
45,77	-0,883	1,831	-1,240
46,29	-0,883	1,832	-1,246
46,79	-0,880	1,833	-1,248
47,30	-0,877	1,833	-1,248
47,81	-0,877	1,832	-1,247
48,35	-0,878	1,831	-1,243
48,86	-0,884	1,834	-1,238
49,36	-0,892	1,831	-1,233
49,86	-0,896	1,830	-1,229
50,38	-0,906	1,833	-1,230
50,89	-0,902	1,833	-1,222
51,40	-0,903	1,833	-1,227
51,92	-0,901	1,832	-1,226
52,42	-0,896	1,832	-1,229
52,92	-0,892	1,832	-1,226
53,42	-0,894	1,832	-1,226
53,92	-0,895	1,831	-1,225
54,42	-0,895	1,831	-1,227
54,92	-0,894	1,830	-1,226
55,43	-0,877	1,844	-1,231
55,93	-0,915	1,840	-1,235
56,43	-0,957	1,801	-1,262
56,94	-0,990	1,795	-1,272
57,44	-0,941	1,827	-1,228
57,94	-0,922	1,840	-1,202
58,44	-0,951	1,834	-1,166
58,95	-0,966	1,885	-1,156
59,45	-0,936	1,846	-1,187
59,95	-0,931	1,838	-1,216
60,47	-0,932	1,834	-1,234
60,97	-0,990	1,803	-1,266
61,48	-1,003	1,795	-1,297
61,98	-1,016	1,790	-1,305
62,49	-1,023	1,781	-1,327
63,00	-1,023	1,777	-1,350
63,50	-1,001	1,782	-1,347
64,01	-0,995	1,780	-1,330
64,51	-0,980	1,776	-1,289
65,01	-0,969	1,775	-1,264
65,52	-0,960	1,777	-1,260
66,04	-0,969	1,774	-1,274
66,54	-0,969	1,775	-1,289
67,05	-0,964	1,779	-1,294
67,57	-0,963	1,781	-1,297
68,07	-0,963	1,783	-1,300
68,58	-0,959	1,783	-1,265
69,08	-0,967	1,778	-1,254
69,58	-0,985	1,776	-1,272
70,08	-0,989	1,789	-1,264
70,59	-0,930	1,844	-1,247
71,09	-0,900	1,844	-1,247
71,59	-0,919	1,823	-1,279
72,11	-0,944	1,807	-1,329
72,62	-0,950	1,801	-1,338
73,12	-0,956	1,800	-1,339
73,63	-0,975	1,796	-1,329
74,13	-0,958	1,807	-1,252
74,64	-0,876	1,830	-1,158
75,15	-0,860	1,824	-1,126
75,66	-0,939	1,830	-1,208
76,16	-1,017	1,829	-1,280
76,68	-0,973	1,842	-1,253
77,19	-0,920	1,842	-1,192
77,69	-0,913	1,843	-1,181
78,20	-0,919	1,834	-1,176
78,72	-0,919	1,841	-1,204
79,22	-0,917	1,839	-1,218
79,73	-0,910	1,841	-1,224
80,23	-0,898	1,848	-1,230
80,75	-0,898	1,849	-1,229
81,26	-0,897	1,849	-1,222
81,77	-0,902	1,846	-1,220
82,27	-0,904	1,842	-1,217
82,79	-0,907	1,840	-1,220
83,29	-0,907	1,840	-1,222
83,80	-0,904	1,840	-1,222
84,31	-0,903	1,839	-1,222
84,83	-0,901	1,843	-1,222
85,33	-0,900	1,840	-1,219
85,84	-0,904	1,841	-1,218
86,34	-0,909	1,840	-1,216
86,86	-0,914	1,839	-1,213
87,37	-0,919	1,838	-1,211
87,87	-0,916	1,838	-1,215
88,37	-0,907	1,838	-1,222
88,88	-0,902	1,840	-1,228
89,40	-0,908	1,825	-1,228
89,90	-0,906	1,808	-1,227
90,41	-0,902	1,806	-1,228
90,93	-0,906	1,805	-1,224
91,43	-0,909	1,805	-1,220
91,93	-0,909	1,806	-1,222
92,44	-0,906	1,808	-1,222
92,94	-0,906	1,807	-1,221
93,44	-0,905	1,810	-1,223
93,95	-0,905	1,811	-1,224
94,47	-0,905	1,811	-1,226
94,98	-0,900	1,812	-1,226
95,50	-0,900	1,813	-1,224
96,00	-0,903	1,815	-1,224
96,50	-0,900	1,814	-1,221
97,01	-0,900	1,814	-1,219
97,51	-0,901	1,814	-1,218
98,01	-0,904	1,816	-1,215
98,52	-0,905	1,817	-1,205
99,04	-0,910	1,816	-1,210
99,54	-0,906	1,830	-1,214
100,05	-0,905	1,834	-1,226
100,55	-0,896	1,835	-1,226
101,07	-0,887	1,835	-1,232
101,58	-0,885	1,833	-1,242
102,08	-0,875	1,835	-1,245
102,59	-0,871	1,835	-1,240
103,09	-0,864	1,840	-1,229
103,60	-0,860	1,839	-1,223
104,11	-0,889	1,841	-1,229
104,62	-0,898	1,840	-1,213
105,13	-0,902	1,836	-1,201
105,63	-0,902	1,835	-1,202
106,14	-0,912	1,833	-1,210
106,66	-0,905	1,834	-1,208
107,17	-0,851	1,830	-1,198
107,67	-0,787	1,812	-1,190
108,18	-0,796	1,811	-1,185
108,69	-0,855	1,806	-1,233
109,19	-0,870	1,807	-1,221
109,70	-0,894	1,812	-1,166
110,20	-0,912	1,830	-1,158
110,70	-0,952	1,827	-1,188
111,22	-1,000	1,810	-1,232
111,73	-0,989	1,798	-1,218
112,23	-0,999	1,798	-1,207
112,74	-1,004	1,801	-1,251
113,25	-1,010	1,805	-1,251
113,76	-0,972	1,815	-1,199
114,27	-0,938	1,814	-1,182
114,77	-0,918	1,820	-1,178
115,29	-0,919	1,814	-1,188
115,80	-0,913	1,778	-1,198
116,30	-0,919	1,769	-1,195
116,81	-0,920	1,774	-1,199
117,33	-0,922	1,783	-1,206
117,83	-0,932	1,784	-1,217
118,34	-0,971	1,777	-1,261
118,84	-0,975	1,778	-1,266
119,36	-0,992	1,777	-1,271
119,86	-1,002	1,774	-1,265
120,36	-1,028	1,769	-1,285
120,87	-1,036	1,773	-1,273
121,39	-1,007	1,779	-1,259
121,89	-0,997	1,781	-1,267
122,39	-0,992	1,782	-1,263
122,90	-0,987	1,784	-1,261
123,40	-0,984	1,784	-1,258
123,91	-0,982	1,781	-1,256
124,41	-0,982	1,780	-1,256
124,91	-0,987	1,780	-1,257
125,43	-0,992	1,779	-1,266
125,94	-0,994	1,778	-1,275
126,44	-0,997	1,780	-1,301
126,95	-0,994	1,780	-1,311
127,45	-0,995	1,781	-1,300
127,97	-0,989	1,780	-1,283
128,48	-0,984	1,778	-1,264
129,00	-0,982	1,775	-1,248
129,51	-0,975	1,776	-1,250
130,02	-0,968	1,779	-1,259
130,52	-0,961	1,781	-1,259
131,02	-0,956	1,783	-1,261
131,53	-0,956	1,783	-1,255
132,04	-0,955	1,796	-1,235
132,55	-0,950	1,820	-1,211
133,05	-0,945	1,828	-1,193
133,56	-0,951	1,831	-1,194
134,06	-0,969	1,820	-1,206
134,57	-0,994	1,797	-1,244
135,08	-0,973	1,833	-1,226
135,59	-0,939	1,837	-1,199
136,09	-0,926	1,828	-1,179
136,61	-0,940	1,831	-1,178
137,11	-0,950	1,828	-1,170
137,61	-0,946	1,830	-1,162
138,12	-0,945	1,827	-1,164
138,62	-0,940	1,828	-1,175
139,12	-0,989	1,801	-1,236
139,62	-0,988	1,797	-1,243
140,13	-0,978	1,798	-1,235
140,65	-0,935	1,805	-1,207
141,15	-0,912	1,816	-1,209
141,65	-0,898	1,822	-1,217
142,16	-0,899	1,827	-1,215
142,66	-0,899	1,828	-1,215
143,18	-0,899	1,828	-1,215
143,69	-0,895	1,828	-1,216
144,19	-0,892	1,831	-1,216
144,70	-0,893	1,831	-1,219
145,20	-0,893	1,829	-1,219
145,70	-0,891	1,829	-1,219
146,22	-0,894	1,828	-1,216
146,73	-0,891	1,828	-1,223
147,23	-0,888	1,831	-1,228
147,74	-0,884	1,831	-1,232
148,26	-0,884	1,833	-1,236
148,76	-0,895	1,834	-1,228
149,26	-0,894	1,831	-1,227
149,77	-0,891	1,830	-1,226
150,27	-0,889	1,830	-1,223
150,79	-0,889	1,830	-1,218
151,29	-0,890	1,829	-1,213
151,79	-0,889	1,830	-1,214
152,29	-0,889	1,831	-1,217
152,80	-0,888	1,832	-1,222
153,30	-0,885	1,833	-1,226
153,81	-0,881	1,832	-1,230
154,33	-0,884	1,832	-1,235
154,84	-0,883	1,831	-1,242
155,35	-0,884	1,832	-1,245
155,85	-0,885	1,844	-1,243
156,36	-0,899	1,840	-1,239
156,86	-0,914	1,826	-1,227
157,36	-0,829	1,833	-1,171
157,89	-0,789	1,827	-1,127
158,41	-0,828	1,830	-1,135
158,92	-0,871	1,827	-1,154
159,42	-0,893	1,828	-1,176
159,93	-0,895	1,827	-1,186
160,45	-0,886	1,827	-1,186
160,95	-0,889	1,828	-1,195
161,45	-0,891	1,831	-1,201
161,95	-0,885	1,831	-1,203
162,47	-0,866	1,834	-1,200
162,97	-0,802	1,822	-1,196
163,48	-0,787	1,821	-1,188
164,00	-0,801	1,839	-1,190
164,50	-0,890	1,820	-1,212
165,01	-0,984	1,801	-1,261
165,52	-1,055	1,798	-1,306
166,02	-1,132	1,776	-1,338
166,54	-1,104	1,775	-1,302
167,05	-1,007	1,782	-1,181
167,55	-0,947	1,779	-1,128
168,06	-0,932	1,784	-1,089
168,56	-1,009	1,776	-1,160
169,07	-1,150	1,776	-1,290
169,58	-1,199	1,775	-1,360
170,09	-1,201	1,775	-1,373
170,61	-1,137	1,780	-1,288
171,12	-1,059	1,785	-1,177
171,62	-1,070	1,782	-1,188
172,12	-1,120	1,773	-1,238
172,62	-1,134	1,771	-1,219
173,13	-1,132	1,771	-1,197
173,63	-1,136	1,789	-1,194
174,13	-1,135	1,781	-1,196
174,65	-1,140	1,778	-1,207
175,16	-1,135	1,776	-1,214
175,66	-1,126	1,776	-1,220
176,16	-1,123	1,777	-1,246
176,68	-1,119	1,776	-1,263
177,18	-1,121	1,776	-1,269
177,69	-1,125	1,776	-1,265
178,20	-1,125	1,728	-1,224
178,70	-1,094	1,689	-1,206
179,22	-0,974	1,718	-1,204
179,73	-0,899	1,750	-1,184
180,23	-0,872	1,847	-1,216
180,74	-0,845	1,847	-1,211
181,26	-0,851	1,837	-1,231
181,76	-0,863	1,813	-1,266
182,27	-0,898	1,802	-1,310
182,79	-0,959	1,803	-1,341
183,29	-0,963	1,830	-1,322
183,80	-0,957	1,821	-1,321
184,30	-0,973	1,800	-1,354
184,81	-0,992	1,795	-1,395
185,33	-0,996	1,793	-1,381
185,84	-0,996	1,779	-1,370
186,34	-0,994	1,783	-1,378
186,86	-0,989	1,784	-1,378
187,36	-0,982	1,784	-1,375
187,87	-0,983	1,784	-1,376
188,38	-0,985	1,784	-1,372
188,88	-0,985	1,785	-1,367
189,38	-0,985	1,784	-1,365
189,88	-0,980	1,792	-1,356
190,38	-0,942	1,824	-1,315
190,90	-0,902	1,852	-1,329
191,40	-0,889	1,863	-1,352
191,91	-0,884	1,869	-1,349
192,43	-0,890	1,867	-1,345
192,93	-0,900	1,857	-1,331
193,44	-0,892	1,870	-1,341
193,94	-0,893	1,868	-1,344
194,45	-0,904	1,848	-1,337
194,97	-0,904	1,838	-1,333
195,48	-0,885	1,858	-1,342
195,98	-0,893	1,845	-1,339
196,49	-0,900	1,840	-1,335
197,01	-0,903	1,840	-1,333
197,51	-0,907	1,837	-1,328
198,02	-0,907	1,839	-1,324
198,54	-0,899	1,839	-1,308
199,04	-0,909	1,829	-1,323
199,55	-0,900	1,839	-1,322
200,05	-0,894	1,855	-1,327
200,55	-0,890	1,856	-1,329
201,06	-0,889	1,845	-1,332
201,58	-0,889	1,836	-1,337
202,08	-0,880	1,837	-1,342
202,59	-0,877	1,840	-1,343
203,09	-0,875	1,841	-1,337
203,59	-0,876	1,840	-1,333
204,10	-0,883	1,838	-1,328
204,61	-0,881	1,841	-1,322
205,11	-0,879	1,857	-1,323
205,61	-0,899	1,839	-1,323
206,13	-0,898	1,838	-1,335
206,64	-0,881	1,846	-1,338
207,14	-0,885	1,842	-1,344
207,65	-0,910	1,843	-1,342
208,17	-0,905	1,850	-1,348
208,67	-0,885	1,855	-1,338
209,17	-0,894	1,855	-1,342
209,68	-0,901	1,853	-1,351
210,20	-0,902	1,852	-1,349
210,70	-0,900	1,851	-1,342
211,20	-0,897	1,850	-1,332
211,72	-0,900	1,850	-1,327
212,22	-0,901	1,848	-1,324
212,73	-0,905	1,848	-1,324
213,24	-0,907	1,848	-1,322
213,75	-0,909	1,847	-1,317
214,26	-0,911	1,846	-1,314
214,76	-0,911	1,847	-1,312
215,26	-0,909	1,848	-1,311
215,77	-0,902	1,849	-1,315
216,29	-0,904	1,842	-1,318
216,80	-0,895	1,805	-1,303
217,31	-0,911	1,796	-1,312
217,81	-0,952	1,804	-1,359
218,31	-0,978	1,796	-1,351
218,83	-0,980	1,773	-1,308
219,33	-0,985	1,772	-1,314
219,83	-0,990	1,775	-1,317
220,34	-0,988	1,778	-1,338
220,86	-0,996	1,779	-1,376
221,36	-0,992	1,778	-1,388
221,87	-0,982	1,781	-1,374
222,38	-0,975	1,782	-1,360
222,88	-0,976	1,777	-1,353
223,40	-0,973	1,767	-1,343
223,91	-0,971	1,769	-1,340
224,41	-0,970	1,770	-1,344
224,91	-0,969	1,770	-1,348
225,43	-0,968	1,770	-1,347
225,94	-0,971	1,770	-1,342
226,44	-0,975	1,774	-1,337
226,95	-0,934	1,841	-1,316
227,47	-0,908	1,857	-1,326
227,97	-0,902	1,856	-1,333
228,48	-0,899	1,858	-1,342
228,98	-0,901	1,858	-1,340
229,48	-0,905	1,854	-1,340
229,99	-0,905	1,852	-1,346
230,49	-0,909	1,850	-1,351
230,99	-0,902	1,842	-1,342
231,51	-0,884	1,840	-1,340
232,02	-0,881	1,843	-1,347
232,52	-0,882	1,844	-1,345
233,04	-0,883	1,843	-1,342
233,54	-0,886	1,843	-1,339
234,04	-0,888	1,842	-1,331
234,55	-0,887	1,846	-1,330
235,05	-0,894	1,844	-1,328
235,56	-0,897	1,843	-1,327
236,06	-0,898	1,843	-1,323
236,58	-0,897	1,843	-1,322
237,08	-0,895	1,842	-1,324
237,58	-0,891	1,842	-1,327
238,09	-0,888	1,843	-1,328
238,61	-0,887	1,842	-1,332
239,11	-0,888	1,841	-1,335
239,62	-0,888	1,841	-1,336
240,13	-0,889	1,840	-1,337
240,63	-0,885	1,841	-1,335
241,15	-0,887	1,843	-1,333
241,65	-0,889	1,842	-1,332
242,16	-0,895	1,841	-1,328
242,67	-0,907	1,841	-1,320
243,17	-0,910	1,841	-1,315
243,68	-0,905	1,842	-1,318
244,19	-0,902	1,841	-1,320
244,69	-0,895	1,842	-1,325
245,19	-0,890	1,843	-1,329
245,70	-0,891	1,842	-1,329
246,20	-0,888	1,842	-1,327
246,72	-0,885	1,842	-1,325
247,22	-0,886	1,841	-1,323
247,73	-0,885	1,841	-1,318
248,24	-0,888	1,842	-1,326
248,74	-0,889	1,843	-1,326
249,26	-0,891	1,843	-1,327
249,77	-0,893	1,842	-1,328
250,27	-0,895	1,841	-1,328
250,79	-0,896	1,841	-1,328
251,29	-0,894	1,843	-1,330
251,79	-0,895	1,842	-1,331
252,30	-0,894	1,842	-1,333
252,81	-0,894	1,841	-1,334
253,31	-0,888	1,841	-1,337
253,83	-0,887	1,841	-1,344
254,33	-0,888	1,841	-1,343
254,83	-0,910	1,836	-1,329
255,34	-0,920	1,838	-1,312
255,85	-0,920	1,837	-1,307
256,36	-0,916	1,838	-1,311
256,87	-0,911	1,837	-1,308
257,38	-0,897	1,839	-1,317
257,89	-0,894	1,848	-1,319
258,40	-0,916	1,835	-1,324
258,90	-0,952	1,808	-1,316
259,40	-0,933	1,810	-1,290
259,92	-0,917	1,816	-1,291
260,42	-0,891	1,836	-1,299
260,93	-0,875	1,847	-1,301
261,43	-0,890	1,837	-1,311
261,94	-0,893	1,835	-1,309
262,46	-0,903	1,837	-1,305
262,96	-0,910	1,836	-1,300
263,47	-0,905	1,838	-1,306
263,99	-0,905	1,839	-1,311
264,49	-0,901	1,838	-1,309
265,00	-0,899	1,838	-1,309
265,51	-0,898	1,839	-1,310
266,02	-0,901	1,837	-1,313
266,54	-0,900	1,836	-1,307
267,04	-0,897	1,835	-1,298
267,54	-0,899	1,835	-1,294
268,05	-0,900	1,836	-1,291
268,56	-0,898	1,836	-1,291
269,06	-0,896	1,837	-1,294
269,58	-0,894	1,836	-1,294
270,08	-0,891	1,835	-1,291
270,58	-0,912	1,816	-1,306
271,09	-0,953	1,806	-1,357
271,61	-0,975	1,802	-1,355
272,12	-0,979	1,801	-1,328
272,63	-0,966	1,808	-1,319
273,15	-0,959	1,809	-1,316
273,65	-0,962	1,809	-1,318
274,16	-0,961	1,812	-1,310
274,67	-0,913	1,814	-1,258
275,18	-0,897	1,867	-1,283
275,69	-0,894	1,870	-1,290
276,20	-0,912	1,861	-1,294
276,70	-0,925	1,849	-1,295
277,22	-0,960	1,812	-1,311
277,73	-0,943	1,815	-1,281
278,23	-0,912	1,817	-1,271
278,74	-0,900	1,826	-1,289
279,24	-0,890	1,835	-1,307
279,76	-0,883	1,837	-1,314
280,27	-0,880	1,838	-1,317
280,78	-0,884	1,840	-1,316
281,29	-0,879	1,842	-1,315
281,79	-0,880	1,849	-1,311
282,29	-0,887	1,841	-1,293
282,79	-0,925	1,844	-1,318
283,31	-0,968	1,843	-1,332
283,82	-0,989	1,836	-1,310
284,33	-0,998	1,829	-1,285
284,83	-0,980	1,826	-1,271
285,33	-0,970	1,832	-1,262
285,84	-0,964	1,825	-1,265
286,35	-0,960	1,826	-1,290
286,86	-0,934	1,803	-1,281
287,37	-0,936	1,788	-1,301
287,88	-0,897	1,813	-1,289
288,38	-0,833	1,821	-1,272
288,88	-0,809	1,820	-1,281
289,38	-0,806	1,821	-1,288
289,90	-0,829	1,811	-1,282
290,40	-0,812	1,810	-1,273
290,91	-0,790	1,809	-1,256
291,41	-0,797	1,810	-1,250
291,91	-0,886	1,807	-1,252
292,43	-0,930	1,801	-1,245
292,94	-0,856	1,851	-1,227
293,45	-0,910	1,857	-1,285
293,97	-0,950	1,854	-1,345
294,48	-0,979	1,822	-1,344
294,98	-0,972	1,782	-1,333
295,49	-0,918	1,826	-1,303
296,01	-0,875	1,858	-1,301
296,51	-0,903	1,869	-1,303
297,02	-0,895	1,887	-1,307
297,52	-0,910	1,896	-1,299
298,04	-0,929	1,874	-1,319
298,54	-0,938	1,867	-1,308
299,05	-0,942	1,861	-1,304
299,56	-0,959	1,849	-1,288
300,08	-0,944	1,848	-1,317
300,59	-0,931	1,857	-1,336
301,09	-0,929	1,854	-1,335
301,61	-0,933	1,853	-1,325
302,11	-0,935	1,852	-1,317
302,61	-0,935	1,849	-1,310
303,11	-0,942	1,849	-1,310
303,62	-0,946	1,848	-1,314
304,13	-0,939	1,854	-1,315
304,65	-0,935	1,851	-1,312
305,16	-0,935	1,849	-1,308
305,66	-0,937	1,848	-1,309
306,17	-0,941	1,847	-1,310
306,68	-0,941	1,848	-1,311
307,19	-0,940	1,848	-1,307
307,69	-0,967	1,822	-1,312
308,20	-0,978	1,810	-1,314
308,71	-0,960	1,821	-1,306
309,21	-0,947	1,835	-1,303
309,71	-0,947	1,838	-1,293
310,22	-0,987	1,841	-1,299
310,74	-1,038	1,840	-1,343
311,24	-1,004	1,838	-1,316
311,75	-1,005	1,810	-1,281
312,25	-1,033	1,790	-1,289
312,75	-1,048	1,786	-1,321
313,28	-1,022	1,829	-1,276
313,79	-0,990	1,843	-1,268
314,31	-0,985	1,856	-1,287
314,82	-0,975	1,851	-1,310
315,32	-0,961	1,855	-1,327
315,83	-0,951	1,855	-1,326
316,34	-0,954	1,852	-1,319
316,84	-0,962	1,849	-1,306
317,36	-0,963	1,847	-1,293
317,86	-0,964	1,848	-1,296
318,37	-0,968	1,848	-1,300
318,87	-0,972	1,849	-1,301
319,37	-0,972	1,847	-1,298
319,87	-0,974	1,846	-1,295
320,38	-0,979	1,844	-1,290
320,88	-0,986	1,842	-1,283
321,38	-0,938	1,864	-1,307
321,90	-0,965	1,832	-1,329
322,41	-1,000	1,788	-1,319
322,91	-0,983	1,774	-1,281
323,43	-1,013	1,787	-1,286
323,94	-1,018	1,797	-1,275
324,44	-0,960	1,805	-1,233
324,95	-0,888	1,809	-1,216
325,45	-0,877	1,807	-1,207
325,95	-0,917	1,837	-1,220
326,47	-0,974	1,835	-1,256
326,98	-0,990	1,831	-1,278
327,48	-0,998	1,823	-1,279
327,99	-0,998	1,821	-1,283
328,51	-0,999	1,818	-1,287
329,01	-1,026	1,793	-1,313
329,53	-1,040	1,785	-1,327
330,03	-1,039	1,785	-1,324
330,54	-1,039	1,783	-1,319
331,05	-1,014	1,799	-1,297
331,56	-0,975	1,829	-1,300
332,06	-0,959	1,835	-1,306
332,58	-0,963	1,841	-1,310
333,09	-0,962	1,844	-1,312
333,59	-0,961	1,844	-1,317
334,10	-0,956	1,845	-1,320
334,62	-0,947	1,845	-1,327
335,12	-0,943	1,845	-1,334
335,62	-0,941	1,845	-1,334
336,13	-0,940	1,844	-1,332
336,65	-0,943	1,842	-1,331
337,16	-0,944	1,840	-1,327
337,66	-0,941	1,841	-1,329
338,17	-0,939	1,843	-1,328
338,69	-0,941	1,844	-1,326
339,20	-0,940	1,844	-1,331
339,70	-0,941	1,848	-1,341
340,22	-0,940	1,849	-1,352
340,73	-0,941	1,847	-1,345
341,23	-0,943	1,845	-1,342
341,74	-0,942	1,845	-1,340
342,25	-0,941	1,845	-1,338
342,76	-0,940	1,845	-1,337
343,27	-0,954	1,841	-1,333
343,79	-0,948	1,840	-1,330
344,29	-0,949	1,840	-1,328
344,79	-0,944	1,842	-1,328
345,30	-0,941	1,843	-1,327
345,80	-0,938	1,841	-1,327
346,31	-0,936	1,840	-1,328
346,83	-0,936	1,839	-1,330
347,34	-0,937	1,840	-1,329
347,84	-0,938	1,841	-1,327
348,35	-0,938	1,839	-1,326
348,85	-0,941	1,839	-1,328
349,35	-0,941	1,839	-1,328
349,87	-0,936	1,839	-1,329
350,38	-0,932	1,841	-1,337
350,90	-0,930	1,842	-1,338
351,41	-0,928	1,840	-1,336
351,92	-0,927	1,841	-1,341
352,43	-0,930	1,840	-1,343
352,94	-0,943	1,843	-1,346
353,45	-0,943	1,843	-1,333
353,97	-0,955	1,838	-1,320
354,48	-0,960	1,831	-1,297
354,98	-0,956	1,830	-1,292
355,49	-0,950	1,835	-1,306
355,99	-0,939	1,838	-1,317
356,51	-0,938	1,837	-1,320
357,01	-0,944	1,838	-1,323
357,51	-0,946	1,837	-1,323
358,02	-0,948	1,838	-1,321
358,52	-0,948	1,837	-1,318
359,03	-0,951	1,836	-1,319
359,54	-0,951	1,835	-1,322
360,04	-0,953	1,836	-1,326
360,56	-0,969	1,830	-1,332
361,06	-0,968	1,827	-1,320
361,57	-0,945	1,854	-1,327
362,07	-0,948	1,854	-1,344
362,57	-0,960	1,856	-1,353
363,08	-0,951	1,863	-1,355
363,60	-0,955	1,853	-1,341
364,10	-0,963	1,850	-1,344
364,61	-0,966	1,848	-1,338
365,12	-0,950	1,841	-1,322
365,63	-0,933	1,841	-1,316
366,14	-0,938	1,835	-1,323
366,64	-0,958	1,827	-1,362
367,17	-0,953	1,822	-1,381
367,67	-0,968	1,806	-1,418
368,19	-0,963	1,802	-1,410
368,70	-0,958	1,832	-1,377
369,22	-0,945	1,832	-1,353
369,72	-0,949	1,830	-1,355
370,22	-0,943	1,829	-1,363
370,72	-0,940	1,829	-1,366
371,23	-0,954	1,818	-1,364
371,73	-0,985	1,792	-1,359
372,23	-1,026	1,782	-1,360
372,74	-1,053	1,780	-1,360
373,24	-1,075	1,776	-1,362
373,74	-1,080	1,774	-1,358
374,26	-1,081	1,776	-1,347
374,76	-1,068	1,780	-1,327
375,27	-1,038	1,792	-1,305
375,78	-1,013	1,791	-1,283
376,28	-0,992	1,835	-1,287
376,78	-0,969	1,849	-1,305
377,29	-1,007	1,800	-1,343
377,80	-1,022	1,792	-1,355
378,31	-1,016	1,777	-1,332
378,81	-1,012	1,768	-1,307
379,33	-1,012	1,772	-1,307
379,84	-1,007	1,771	-1,303
380,34	-0,995	1,770	-1,297
380,85	-0,996	1,774	-1,303
381,35	-0,993	1,799	-1,306
381,86	-0,972	1,834	-1,303
382,37	-0,953	1,842	-1,312
382,87	-0,951	1,842	-1,319
383,37	-0,949	1,839	-1,326
383,88	-0,987	1,804	-1,337
384,40	-1,011	1,797	-1,335
384,90	-1,000	1,811	-1,310
385,40	-0,978	1,828	-1,296
385,91	-0,970	1,836	-1,295
386,42	-0,965	1,847	-1,299
386,93	-0,969	1,842	-1,298
387,44	-0,979	1,836	-1,299
387,94	-0,977	1,837	-1,302
388,44	-0,961	1,847	-1,314
388,95	-0,953	1,847	-1,313
389,45	-0,959	1,845	-1,317
389,97	-0,966	1,841	-1,321
390,48	-0,968	1,840	-1,318
390,99	-0,971	1,838	-1,317
391,49	-0,968	1,854	-1,319
392,01	-0,976	1,839	-1,317
392,52	-0,972	1,834	-1,315
393,02	-0,964	1,833	-1,314
393,53	-0,961	1,833	-1,315
394,03	-0,998	1,803	-1,346
394,55	-1,024	1,794	-1,369
395,06	-1,037	1,790	-1,360
395,56	-1,018	1,809	-1,307
396,08	-0,988	1,831	-1,290
396,59	-0,963	1,819	-1,288
397,09	-0,951	1,819	-1,300
397,61	-0,936	1,832	-1,323
398,12	-0,934	1,841	-1,328
398,63	-0,930	1,843	-1,324
399,13	-0,938	1,838	-1,319
399,63	-0,965	1,827	-1,307
400,14	-0,957	1,831	-1,308
400,65	-0,938	1,841	-1,322
401,15	-0,923	1,845	-1,314
401,67	-0,919	1,854	-1,325
402,18	-0,944	1,851	-1,305
402,68	-0,980	1,845	-1,292
403,19	-0,982	1,842	-1,290
403,69	-0,944	1,848	-1,283
404,21	-0,951	1,849	-1,277
404,72	-0,961	1,842	-1,274
405,22	-0,964	1,843	-1,275
405,74	-0,961	1,844	-1,273
406,25	-0,965	1,843	-1,272
406,76	-0,968	1,843	-1,274
407,28	-0,967	1,843	-1,276
407,80	-0,966	1,844	-1,278
408,30	-0,959	1,845	-1,277
408,80	-0,966	1,841	-1,276
409,32	-0,975	1,841	-1,278
409,83	-0,974	1,841	-1,289
410,33	-0,971	1,842	-1,291
410,84	-0,962	1,846	-1,287
411,36	-0,960	1,844	-1,284
411,86	-0,945	1,839	-1,288
412,37	-0,906	1,811	-1,317
412,87	-0,909	1,813	-1,310
413,38	-1,001	1,790	-1,365
413,90	-1,099	1,793	-1,358
414,40	-1,104	1,800	-1,337
414,90	-1,016	1,816	-1,295
415,41	-0,928	1,817	-1,224
415,92	-0,922	1,824	-1,228
416,42	-0,953	1,828	-1,285
416,94	-0,956	1,829	-1,301
417,45	-0,949	1,836	-1,302
417,96	-0,944	1,836	-1,297
418,46	-0,936	1,853	-1,294
418,97	-0,971	1,830	-1,316
419,49	-0,972	1,832	-1,318
420,00	-0,954	1,837	-1,317
420,51	-0,930	1,844	-1,310
421,03	-0,945	1,831	-1,299
421,53	-0,950	1,828	-1,299
422,04	-0,927	1,844	-1,304
422,54	-0,920	1,841	-1,297
423,06	-0,935	1,839	-1,294
423,57	-0,955	1,831	-1,291
424,08	-0,971	1,824	-1,295
424,59	-0,995	1,815	-1,293
425,10	-0,997	1,813	-1,285
425,60	-0,985	1,820	-1,268
426,10	-0,964	1,832	-1,267
426,60	-0,970	1,841	-1,283
427,10	-0,964	1,842	-1,302
427,62	-0,951	1,841	-1,303
428,12	-0,941	1,841	-1,303
428,63	-0,941	1,838	-1,304
429,13	-0,955	1,836	-1,306
429,63	-0,961	1,837	-1,310
430,15	-0,967	1,835	-1,308
430,65	-0,967	1,834	-1,302
431,15	-0,964	1,834	-1,298
431,65	-0,959	1,833	-1,290
432,16	-0,929	1,826	-1,292
432,67	-0,884	1,799	-1,322
433,19	-0,880	1,799	-1,326
433,70	-0,890	1,801	-1,322
434,20	-0,898	1,801	-1,317
434,70	-0,914	1,815	-1,319
435,21	-0,984	1,782	-1,325
435,71	-1,064	1,771	-1,333
436,22	-1,048	1,777	-1,275
436,73	-1,048	1,770	-1,268
437,23	-1,081	1,751	-1,321
437,74	-1,093	1,747	-1,339
438,24	-1,086	1,746	-1,327
438,76	-1,069	1,745	-1,322
439,26	-1,058	1,756	-1,326
439,76	-1,047	1,758	-1,327
440,27	-1,053	1,752	-1,321
440,79	-1,064	1,747	-1,323
441,29	-1,077	1,756	-1,329
441,80	-1,073	1,762	-1,329
442,31	-1,066	1,763	-1,329
442,81	-1,053	1,768	-1,329
443,33	-1,031	1,773	-1,331
443,84	-1,031	1,772	-1,330
444,34	-1,033	1,770	-1,331
444,84	-1,021	1,788	-1,321
445,34	-0,966	1,828	-1,320
445,86	-0,949	1,834	-1,329
446,36	-0,942	1,839	-1,328
446,87	-0,948	1,837	-1,325
447,37	-0,951	1,856	-1,315
447,88	-0,947	1,851	-1,292
448,41	-0,944	1,861	-1,298
448,92	-0,971	1,850	-1,297
449,43	-1,009	1,836	-1,311
449,94	-0,994	1,814	-1,343
450,44	-0,942	1,807	-1,367
450,95	-0,925	1,822	-1,326
451,45	-0,924	1,821	-1,288
451,96	-0,928	1,824	-1,264
452,47	-0,937	1,820	-1,260
452,98	-0,929	1,821	-1,255
453,48	-0,925	1,821	-1,256
453,99	-0,920	1,826	-1,256
454,49	-0,891	1,852	-1,269
455,01	-0,889	1,858	-1,271
455,51	-0,890	1,854	-1,275
456,01	-0,889	1,852	-1,273
456,52	-0,890	1,851	-1,271
457,02	-0,891	1,850	-1,273
457,52	-0,879	1,861	-1,280
458,02	-0,869	1,853	-1,270
458,54	-0,922	1,809	-1,254
459,05	-0,982	1,791	-1,281
459,56	-0,985	1,839	-1,275
460,06	-0,981	1,859	-1,296
460,58	-0,988	1,856	-1,299
461,09	-0,994	1,851	-1,295
461,60	-0,996	1,849	-1,299
462,12	-0,991	1,848	-1,305
462,63	-0,990	1,844	-1,304
463,13	-1,012	1,820	-1,331
463,65	-1,004	1,822	-1,316
464,16	-0,980	1,827	-1,308
464,66	-0,963	1,829	-1,321
465,16	-0,955	1,836	-1,330
465,67	-0,955	1,836	-1,326
466,17	-0,955	1,836	-1,327
466,69	-0,957	1,834	-1,327
467,19	-0,956	1,835	-1,326
467,70	-0,952	1,836	-1,325
468,20	-0,956	1,838	-1,324
468,70	-0,957	1,837	-1,327
469,21	-0,958	1,835	-1,329
469,71	-0,958	1,834	-1,329
470,22	-0,956	1,833	-1,326
470,73	-0,953	1,835	-1,330
471,23	-0,951	1,837	-1,329
471,73	-0,953	1,836	-1,328
472,24	-0,955	1,835	-1,325
472,76	-0,956	1,834	-1,324
473,27	-0,959	1,833	-1,327
473,78	-0,957	1,833	-1,327
474,29	-0,956	1,834	-1,325
474,79	-0,955	1,834	-1,324
475,30	-0,970	1,835	-1,322
475,80	-0,981	1,837	-1,302
476,30	-0,979	1,838	-1,302
476,81	-0,969	1,840	-1,311
477,33	-0,964	1,839	-1,315
477,83	-0,965	1,839	-1,310
478,33	-0,969	1,837	-1,303
478,84	-0,977	1,834	-1,301
479,34	-0,980	1,831	-1,313
479,84	-0,980	1,833	-1,324
480,34	-0,982	1,835	-1,318
480,85	-0,984	1,834	-1,318
481,35	-0,978	1,833	-1,319
481,87	-0,977	1,833	-1,322
482,37	-0,979	1,832	-1,325
482,88	-0,980	1,833	-1,321
483,40	-0,978	1,833	-1,316
483,90	-0,987	1,834	-1,312
484,40	-0,995	1,835	-1,301
484,90	-0,997	1,830	-1,290
485,41	-1,001	1,828	-1,296
485,92	-0,989	1,831	-1,306
486,42	-0,984	1,833	-1,313
486,94	-0,982	1,833	-1,316
487,44	-0,978	1,832	-1,318
487,94	-0,969	1,835	-1,324
488,45	-0,962	1,835	-1,328
488,97	-0,959	1,834	-1,332
489,47	-0,961	1,834	-1,334
489,98	-0,967	1,832	-1,332
490,48	-0,969	1,830	-1,329
490,99	-0,972	1,831	-1,331
491,51	-0,972	1,831	-1,326
492,01	-0,970	1,830	-1,323
492,51	-0,974	1,828	-1,318
493,02	-0,975	1,828	-1,313
493,52	-0,974	1,829	-1,315
494,02	-0,969	1,830	-1,321
494,53	-0,967	1,830	-1,326
495,03	-0,963	1,830	-1,330
495,55	-0,967	1,824	-1,330
496,05	-0,976	1,816	-1,325
496,56	-0,975	1,815	-1,327
497,08	-0,979	1,817	-1,325
497,58	-0,978	1,819	-1,325
498,08	-0,977	1,820	-1,328
498,59	-0,980	1,823	-1,332
499,09	-0,977	1,824	-1,333
499,60	-0,979	1,827	-1,327
500,10	-0,981	1,825	-1,322
500,62	-0,985	1,825	-1,327
501,13	-0,984	1,827	-1,327
501,65	-0,987	1,826	-1,324
502,15	-0,985	1,822	-1,317
502,66	-0,982	1,823	-1,318
503,16	-0,980	1,824	-1,316
503,67	-1,003	1,822	-1,316
504,19	-1,046	1,795	-1,305
504,69	-1,053	1,806	-1,294
505,19	-1,029	1,825	-1,283
505,69	-1,001	1,833	-1,290
506,20	-0,990	1,837	-1,301
506,72	-0,985	1,836	-1,304
507,22	-0,983	1,834	-1,306
507,74	-0,981	1,833	-1,305
508,24	-0,981	1,831	-1,298
508,74	-0,982	1,832	-1,299
509,25	-0,981	1,832	-1,301
509,75	-0,973	1,851	-1,300
510,25	-0,961	1,853	-1,305
510,76	-0,972	1,850	-1,317
511,28	-0,982	1,844	-1,312
511,79	-0,977	1,843	-1,314
512,30	-0,972	1,843	-1,315
512,82	-0,983	1,842	-1,313
513,33	-0,986	1,840	-1,305
513,85	-0,982	1,843	-1,302
514,36	-0,961	1,849	-1,314
514,86	-0,964	1,853	-1,326
515,37	-0,950	1,856	-1,328
515,87	-0,950	1,855	-1,331
516,37	-0,953	1,844	-1,330
516,88	-0,965	1,830	-1,325
517,39	-0,966	1,828	-1,323
517,90	-0,844	1,870	-1,314
518,41	-0,815	1,867	-1,351
518,93	-0,961	1,871	-1,345
519,44	-0,900	1,879	-1,304
519,95	-0,903	1,876	-1,259
520,45	-0,944	1,852	-1,276
520,96	-0,962	1,836	-1,268
521,48	-0,971	1,830	-1,265
521,98	-0,967	1,836	-1,272
522,48	-0,970	1,837	-1,290
522,99	-0,958	1,839	-1,294
523,50	-0,939	1,838	-1,304
524,00	-0,937	1,841	-1,308
524,52	-0,948	1,835	-1,290
525,03	-0,958	1,840	-1,305
525,54	-0,982	1,842	-1,303
526,04	-0,972	1,835	-1,304
526,55	-0,918	1,794	-1,343
527,05	-0,907	1,787	-1,344
527,57	-0,910	1,788	-1,336
528,08	-0,917	1,787	-1,326
528,58	-0,920	1,788	-1,321
529,09	-0,918	1,789	-1,316
529,59	-0,918	1,797	-1,309
530,10	-0,900	1,857	-1,271
530,60	-0,895	1,849	-1,221
531,10	-0,985	1,821	-1,209
531,62	-1,048	1,807	-1,227
532,13	-0,975	1,813	-1,236
532,63	-0,913	1,829	-1,236
533,14	-0,900	1,856	-1,271
533,65	-0,905	1,872	-1,277
534,16	-0,901	1,872	-1,282
534,67	-0,902	1,864	-1,280
535,17	-0,904	1,862	-1,276
535,67	-0,910	1,855	-1,263
536,17	-0,906	1,805	-1,227
536,69	-0,807	1,768	-1,202
537,20	-0,824	1,762	-1,207
537,70	-1,015	1,764	-1,205
538,21	-1,027	1,733	-1,223
538,71	-1,127	1,735	-1,267
539,23	-0,988	1,744	-1,204
539,73	-1,173	1,731	-1,293
540,24	-1,468	1,678	-1,461
540,74	-1,756	1,644	-1,469
541,26	-1,944	1,538	-1,303
541,77	-2,107	1,344	-1,219
542,27	-2,170	1,231	-1,207
542,78	-2,149	1,294	-1,187
543,28	-2,010	1,498	-1,168
543,78	-1,612	1,637	-1,182
544,30	-1,316	1,640	-1,141
544,80	-1,160	1,629	-1,022
545,31	-1,151	1,577	-0,819
545,83	-1,006	1,365	-0,607
546,33	-0,984	1,029	-0,467
546,84	-0,993	0,758	-0,379
547,35	-1,005	0,682	-0,357
547,87	-1,023	0,677	-0,348
548,37	-1,039	0,739	-0,360
548,88	-1,048	1,177	-0,414
549,38	-1,188	1,623	-0,644
549,88	-1,364	1,709	-0,961
550,40	-1,695	1,632	-1,120
550,91	-2,106	1,424	-0,995
551,41	-2,258	1,238	-0,963
551,92	-2,188	1,340	-0,963
552,44	-2,207	1,240	-0,947
552,94	-2,234	1,220	-0,946
553,45	-2,092	1,445	-0,964
553,95	-1,698	1,665	-1,045
554,45	-1,271	1,723	-1,030
554,96	-0,966	1,740	-1,039
555,48	-0,747	1,697	-1,026
555,99	-0,463	1,705	-0,947
556,51	-0,221	1,659	-0,721
557,02	0,045	1,530	-0,629
557,52	0,168	1,377	-0,553
558,03	0,196	1,275	-0,500
558,55	0,202	1,266	-0,491
559,06	0,204	1,276	-0,497
559,58	0,196	1,276	-0,510
560,09	0,180	1,294	-0,514
560,59	0,134	1,299	-0,478
561,10	0,100	1,296	-0,446
561,62	0,082	1,308	-0,466
562,12	0,111	1,334	-0,507
562,63	0,029	1,570	-0,486
563,13	-0,222	1,762	-0,607
563,63	-0,700	1,759	-0,901
564,13	-1,099	1,690	-1,057
564,65	-1,478	1,639	-1,160
565,16	-1,819	1,539	-1,160
565,66	-2,151	1,345	-1,132
566,17	-2,236	1,210	-1,149
566,69	-2,199	1,276	-1,142
567,20	-1,937	1,542	-1,073
567,70	-1,460	1,707	-0,952
568,21	-1,098	1,776	-0,878
568,73	-1,116	1,712	-0,786
569,23	-1,130	1,681	-0,710
569,74	-1,161	1,677	-0,518
570,26	-1,137	1,696	-0,436
570,76	-1,093	1,672	-0,346
571,27	-1,134	1,688	-0,051
571,77	-1,122	1,705	0,038
572,27	-1,125	1,648	0,220
572,78	-1,128	1,665	0,445
573,28	-1,138	1,677	0,518
573,79	-1,025	1,677	0,752
574,30	-0,880	1,625	0,860
574,80	-0,726	1,512	0,940
575,31	-0,640	1,540	1,112
575,83	-0,606	1,580	1,251
576,33	-0,493	1,534	1,430
576,84	-0,436	1,514	1,501
577,35	-0,431	1,505	1,494
577,85	-0,444	1,515	1,430
578,37	-0,545	1,602	1,170
578,87	-0,909	1,696	0,796
579,38	-1,165	1,707	0,643
579,90	-1,399	1,694	0,376
580,41	-1,556	1,720	0,043
580,91	-1,550	1,726	-0,286
581,42	-1,440	1,738	-0,557
581,94	-1,242	1,743	-0,657
582,44	-1,138	1,766	-0,782
582,95	-1,135	1,801	-0,962
583,45	-1,319	1,785	-0,894
583,96	-1,513	1,716	-0,986
584,46	-1,707	1,655	-1,041
584,98	-1,755	1,610	-1,069
585,48	-1,903	1,363	-1,071
585,98	-1,920	1,273	-1,068
586,49	-1,758	1,534	-0,991
586,99	-1,537	1,673	-0,940
587,49	-1,475	1,696	-0,956
588,01	-1,440	1,708	-0,967
588,51	-1,435	1,709	-0,974
589,02	-1,337	1,718	-0,976
589,53	-1,067	1,707	-0,986
590,05	-0,879	1,745	-0,912
590,55	-0,692	1,753	-0,896
591,06	-0,455	1,711	-0,946
591,56	-0,380	1,721	-0,958
592,09	-0,191	1,714	-1,096
592,59	0,022	1,714	-1,048
593,10	0,213	1,704	-1,015
593,60	0,432	1,721	-1,105
594,12	0,589	1,693	-0,949
594,63	0,816	1,661	-0,826
595,13	1,032	1,531	-0,618
595,64	1,110	1,408	-0,517
596,14	1,120	1,428	-0,515
596,65	1,105	1,520	-0,630
597,16	0,869	1,645	-0,813
597,66	0,544	1,703	-0,847
598,16	0,224	1,742	-1,074
598,66	-0,108	1,756	-1,304
599,17	-0,393	1,746	-1,253
599,67	-0,689	1,732	-1,292
600,19	-0,971	1,729	-1,304
600,70	-1,161	1,706	-1,142
601,20	-1,229	1,703	-1,030
601,71	-1,217	1,718	-1,120
602,22	-1,433	1,698	-1,145
602,73	-1,620	1,647	-1,199
603,23	-1,927	1,592	-1,193
603,74	-2,008	1,585	-1,176
604,26	-1,911	1,456	-0,988
604,76	-1,890	1,359	-0,915
605,26	-1,897	1,264	-0,882
605,77	-1,758	1,491	-0,881
606,27	-1,354	1,677	-1,017
606,79	-0,972	1,693	-1,020
607,29	-0,621	1,652	-0,849
607,80	-0,211	1,505	-0,739
608,31	-0,011	1,260	-0,645
608,81	0,001	1,299	-0,633
609,33	-0,165	1,550	-0,643
609,84	-0,445	1,664	-0,731
610,35	-0,757	1,712	-0,879
610,85	-0,991	1,770	-0,981
611,35	-1,134	1,738	-1,097
611,87	-1,412	1,698	-1,301
612,38	-1,680	1,657	-1,330
612,90	-1,946	1,604	-1,331
613,41	-2,039	1,589	-1,347
613,91	-1,917	1,627	-1,200
614,42	-1,998	1,582	-1,374
614,92	-2,131	1,401	-1,615
615,42	-2,139	1,432	-1,607
615,94	-2,000	1,627	-1,362
616,45	-1,433	1,716	-1,110
616,96	-1,158	1,715	-0,936
617,47	-0,912	1,713	-0,719
617,98	-0,673	1,718	-0,517
618,49	-0,295	1,681	-0,252
619,01	-0,075	1,537	-0,087
619,52	-0,114	1,590	-0,110
620,03	-0,456	1,694	-0,337
620,53	-0,823	1,757	-0,590
621,03	-1,081	1,730	-0,905
621,55	-1,400	1,698	-1,123
622,06	-1,701	1,630	-1,141
622,56	-2,017	1,507	-1,253
623,08	-2,188	1,362	-1,274
623,59	-2,259	1,239	-1,293
624,10	-2,188	1,416	-1,194
624,60	-1,807	1,635	-1,060
625,12	-1,524	1,682	-0,957
625,62	-1,357	1,671	-0,691
626,13	-1,259	1,584	-0,321
626,63	-1,112	1,387	0,033
627,15	-1,036	1,266	0,142
627,65	-1,059	1,276	0,133
628,15	-1,051	1,340	0,118
628,66	-1,195	1,546	-0,142
629,16	-1,406	1,704	-0,591
629,66	-1,543	1,706	-0,874
630,17	-1,728	1,626	-1,135
630,67	-1,924	1,451	-1,271
631,17	-1,899	1,480	-1,254
631,69	-1,556	1,633	-1,087
632,20	-1,210	1,696	-1,015
632,71	-0,935	1,670	-0,876
633,23	-0,689	1,615	-0,550
633,74	-0,438	1,445	-0,231
634,24	-0,318	1,275	-0,101
634,76	-0,324	1,302	-0,111
635,27	-0,435	1,500	-0,219
635,77	-0,697	1,684	-0,420
636,27	-1,011	1,726	-0,767
636,78	-1,299	1,711	-1,103
637,30	-1,488	1,700	-1,192
637,81	-1,699	1,693	-1,313
638,31	-1,889	1,595	-1,347
638,81	-2,201	1,344	-1,362
639,33	-2,342	1,197	-1,381
639,84	-2,174	1,449	-1,278
640,34	-1,650	1,690	-1,185
640,85	-1,365	1,735	-1,098
641,37	-1,159	1,728	-0,964
641,88	-0,846	1,653	-0,689
642,39	-0,557	1,564	-0,323
642,89	-0,412	1,392	-0,060
643,39	-0,433	1,487	-0,070
643,89	-0,583	1,626	-0,211
644,40	-0,943	1,709	-0,560
644,90	-1,240	1,658	-0,770
645,41	-1,603	1,548	-0,925
645,91	-1,939	1,301	-0,925
646,42	-1,981	1,351	-0,859
646,92	-1,707	1,615	-0,867
647,44	-1,323	1,710	-0,941
647,95	-1,152	1,726	-0,956
648,45	-0,952	1,694	-0,835
648,96	-0,855	1,723	-0,618
649,48	-0,721	1,756	-0,796
649,98	-0,828	1,680	-1,030
650,49	-0,780	1,669	-1,064
650,99	-0,743	1,583	-1,137
651,49	-0,626	1,331	-1,533
652,01	-0,522	0,881	-1,650
652,51	-0,466	0,663	-1,678
653,02	-0,440	0,803	-1,672
653,52	-0,474	0,619	-1,672
654,02	-0,476	0,708	-1,697
654,53	-0,460	0,875	-1,677
655,05	-0,499	1,463	-1,401
655,55	-0,739	1,686	-1,095
656,06	-0,761	1,693	-0,809
656,56	-0,686	1,600	-0,511
657,07	-0,503	1,392	-0,112
657,59	-0,471	1,369	-0,034
658,09	-0,521	1,506	-0,132
658,60	-0,695	1,582	-0,385
659,12	-0,769	1,615	-0,566
659,62	-0,658	1,648	-0,835
660,13	-0,659	1,680	-1,124
660,64	-0,810	1,747	-0,995
661,15	-0,912	1,786	-1,101
661,66	-0,955	1,812	-1,207
662,16	-0,946	1,780	-1,233
662,66	-0,827	1,784	-1,309
663,17	-0,855	1,825	-1,330
663,69	-0,897	1,822	-1,411
664,19	-1,006	1,796	-1,472
664,70	-0,923	1,798	-1,517
665,21	-0,943	1,790	-1,508
665,71	-1,001	1,804	-1,529
666,23	-1,007	1,790	-1,547
666,74	-0,946	1,758	-1,531
667,24	-0,923	1,757	-1,538
667,76	-0,912	1,758	-1,546
668,26	-0,961	1,797	-1,573
668,76	-0,975	1,817	-1,587
669,27	-0,971	1,822	-1,570
669,77	-0,968	1,796	-1,557
670,28	-0,974	1,801	-1,561
670,80	-0,992	1,899	-1,541
671,31	-1,025	1,780	-1,409
Session ended: 20-05-2026 11:39:14
