Time(s)	X	Y	Z
2,67	-0,720	-0,305	-1,230
3,17	-0,720	-0,305	-1,230
3,69	-1,648	1,867	-0,661
4,19	-0,721	1,864	-1,230
4,69	-0,719	1,864	-1,228
5,20	-0,718	1,864	-1,225
5,71	-0,717	1,866	-1,222
6,21	-0,718	1,866	-1,223
6,71	-0,738	1,865	-1,229
7,22	-0,780	1,862	-1,247
7,73	-0,791	1,861	-1,262
8,24	-0,789	1,858	-1,263
8,74	-0,784	1,854	-1,255
9,24	-0,782	1,850	-1,250
9,75	-0,777	1,850	-1,253
10,25	-0,779	1,852	-1,258
10,77	-0,783	1,852	-1,260
11,28	-0,787	1,848	-1,260
11,78	-0,846	1,797	-1,278
12,29	-0,905	1,770	-1,324
12,79	-0,904	1,756	-1,332
13,29	-0,890	1,762	-1,317
13,81	-0,897	1,767	-1,315
14,31	-0,882	1,784	-1,282
14,82	-0,810	1,828	-1,234
15,34	-0,795	1,847	-1,247
15,84	-0,810	1,842	-1,255
16,34	-0,822	1,842	-1,254
16,85	-0,812	1,851	-1,248
17,35	-0,814	1,846	-1,242
17,86	-0,819	1,839	-1,235
18,38	-0,820	1,846	-1,229
18,88	-0,816	1,843	-1,226
19,39	-0,818	1,840	-1,227
19,91	-0,819	1,841	-1,232
20,41	-0,818	1,840	-1,239
20,92	-0,812	1,841	-1,245
21,42	-0,809	1,843	-1,251
21,92	-0,824	1,827	-1,255
22,43	-0,820	1,812	-1,246
22,93	-0,816	1,808	-1,247
23,43	-0,794	1,794	-1,237
23,93	-0,800	1,800	-1,235
24,45	-0,811	1,838	-1,236
24,95	-0,814	1,848	-1,240
25,45	-0,816	1,848	-1,242
25,96	-0,814	1,846	-1,240
26,46	-0,814	1,846	-1,245
26,96	-0,814	1,845	-1,246
27,47	-0,812	1,844	-1,248
27,97	-0,810	1,845	-1,253
28,49	-0,809	1,845	-1,261
28,99	-0,808	1,847	-1,268
29,50	-0,804	1,848	-1,268
30,00	-0,796	1,869	-1,281
30,52	-0,799	1,852	-1,272
31,02	-0,783	1,841	-1,235
31,52	-0,795	1,838	-1,241
32,02	-0,797	1,842	-1,238
32,53	-0,802	1,841	-1,236
33,03	-0,806	1,841	-1,236
33,55	-0,807	1,840	-1,239
34,06	-0,807	1,839	-1,246
34,57	-0,808	1,840	-1,248
35,07	-0,804	1,841	-1,247
35,59	-0,802	1,841	-1,247
36,10	-0,804	1,840	-1,248
36,60	-0,803	1,842	-1,253
37,11	-0,805	1,843	-1,256
37,61	-0,805	1,843	-1,260
38,11	-0,805	1,842	-1,258
38,63	-0,804	1,843	-1,260
39,13	-0,805	1,843	-1,260
39,64	-0,805	1,844	-1,259
40,14	-0,805	1,847	-1,262
40,66	-0,802	1,849	-1,266
41,16	-0,803	1,848	-1,265
41,66	-0,801	1,848	-1,260
42,16	-0,728	1,794	-1,182
42,66	-0,640	1,762	-1,148
43,16	-0,648	1,761	-1,150
43,66	-0,727	1,772	-1,174
44,17	-0,769	1,780	-1,188
44,68	-0,760	1,793	-1,215
45,20	-0,755	1,804	-1,210
45,71	-0,757	1,803	-1,201
46,21	-0,748	1,801	-1,194
46,73	-0,739	1,803	-1,192
47,23	-0,740	1,811	-1,203
47,74	-0,745	1,812	-1,210
48,25	-0,746	1,814	-1,214
48,75	-0,711	1,790	-1,209
49,27	-0,704	1,770	-1,197
49,78	-0,693	1,764	-1,196
50,29	-0,695	1,765	-1,201
50,79	-0,710	1,790	-1,220
51,31	-0,772	1,832	-1,260
51,82	-0,765	1,846	-1,278
52,32	-0,745	1,837	-1,274
52,82	-0,733	1,841	-1,285
53,34	-0,728	1,840	-1,282
53,84	-0,729	1,840	-1,282
54,35	-0,734	1,839	-1,282
54,88	-0,733	1,839	-1,273
55,38	-0,735	1,839	-1,263
55,89	-0,730	1,841	-1,260
56,40	-0,731	1,842	-1,262
56,91	-0,728	1,841	-1,255
57,41	-0,730	1,840	-1,258
57,93	-0,736	1,844	-1,273
58,43	-0,736	1,849	-1,285
58,93	-0,740	1,848	-1,270
59,44	-0,737	1,843	-1,253
59,95	-0,726	1,840	-1,248
60,46	-0,730	1,843	-1,256
60,97	-0,753	1,844	-1,263
61,47	-0,762	1,843	-1,265
61,98	-0,769	1,845	-1,263
62,48	-0,771	1,845	-1,258
62,99	-0,772	1,846	-1,262
63,50	-0,764	1,846	-1,257
64,01	-0,759	1,847	-1,257
64,51	-0,750	1,848	-1,257
65,02	-0,750	1,847	-1,258
65,52	-0,748	1,846	-1,256
66,02	-0,754	1,845	-1,254
66,52	-0,763	1,845	-1,250
67,03	-0,772	1,841	-1,245
67,53	-0,788	1,839	-1,247
68,04	-0,790	1,838	-1,250
68,56	-0,796	1,841	-1,262
69,06	-0,815	1,846	-1,266
69,57	-0,851	1,848	-1,274
70,07	-0,876	1,844	-1,273
70,59	-0,884	1,841	-1,265
71,10	-0,877	1,845	-1,260
71,61	-0,878	1,845	-1,267
72,11	-0,877	1,845	-1,273
72,63	-0,867	1,847	-1,278
73,13	-0,858	1,848	-1,276
73,63	-0,853	1,847	-1,273
74,14	-0,849	1,850	-1,269
74,65	-0,853	1,847	-1,264
75,17	-0,855	1,846	-1,261
75,68	-0,858	1,843	-1,261
76,18	-0,852	1,835	-1,249
76,70	-0,825	1,830	-1,229
77,21	-0,782	1,839	-1,222
77,72	-0,782	1,842	-1,221
78,22	-0,788	1,842	-1,220
78,74	-0,785	1,843	-1,226
79,25	-0,781	1,835	-1,226
79,75	-0,783	1,798	-1,234
80,27	-0,795	1,809	-1,260
80,79	-0,816	1,836	-1,288
81,30	-0,809	1,849	-1,286
81,80	-0,814	1,846	-1,268
82,31	-0,817	1,842	-1,247
82,81	-0,819	1,840	-1,236
83,32	-0,823	1,837	-1,238
83,83	-0,818	1,841	-1,242
84,34	-0,798	1,847	-1,243
84,84	-0,776	1,850	-1,250
85,36	-0,773	1,847	-1,247
85,87	-0,784	1,843	-1,249
86,38	-0,788	1,846	-1,257
86,88	-0,782	1,846	-1,258
87,40	-0,780	1,846	-1,259
87,90	-0,784	1,847	-1,263
88,40	-0,809	1,849	-1,260
88,91	-0,823	1,851	-1,263
89,41	-0,825	1,853	-1,278
89,91	-0,826	1,856	-1,283
90,43	-0,820	1,855	-1,282
90,94	-0,823	1,854	-1,285
91,44	-0,824	1,855	-1,285
91,95	-0,821	1,855	-1,287
92,46	-0,817	1,855	-1,291
92,96	-0,814	1,856	-1,296
93,46	-0,812	1,856	-1,300
93,97	-0,811	1,857	-1,304
94,47	-0,813	1,858	-1,308
94,98	-0,818	1,856	-1,307
95,49	-0,822	1,854	-1,303
95,99	-0,822	1,861	-1,291
96,50	-0,772	1,827	-1,250
97,02	-0,702	1,805	-1,231
97,52	-0,712	1,832	-1,236
98,03	-0,816	1,861	-1,268
98,54	-0,872	1,852	-1,272
99,04	-0,850	1,835	-1,279
99,56	-0,859	1,800	-1,280
100,07	-0,878	1,784	-1,298
100,59	-0,839	1,812	-1,259
101,09	-0,828	1,821	-1,256
101,60	-0,834	1,835	-1,260
102,11	-0,824	1,835	-1,238
102,61	-0,821	1,834	-1,235
103,13	-0,818	1,834	-1,234
103,64	-0,812	1,839	-1,241
104,14	-0,788	1,844	-1,249
104,66	-0,793	1,847	-1,253
105,17	-0,799	1,846	-1,259
105,67	-0,800	1,843	-1,262
106,18	-0,801	1,839	-1,267
106,69	-0,771	1,816	-1,260
107,20	-0,779	1,830	-1,268
107,72	-0,779	1,846	-1,274
108,22	-0,790	1,843	-1,279
108,73	-0,807	1,833	-1,249
109,23	-0,814	1,824	-1,235
109,75	-0,839	1,833	-1,232
110,25	-0,840	1,845	-1,245
110,76	-0,837	1,850	-1,257
111,29	-0,829	1,850	-1,256
111,80	-0,826	1,849	-1,262
112,31	-0,819	1,849	-1,267
112,83	-0,817	1,849	-1,267
113,34	-0,816	1,848	-1,266
113,85	-0,817	1,846	-1,266
114,35	-0,821	1,846	-1,267
114,86	-0,826	1,846	-1,268
115,36	-0,833	1,844	-1,269
115,86	-0,839	1,830	-1,260
116,38	-0,839	1,831	-1,250
116,88	-0,843	1,827	-1,255
117,38	-0,910	1,776	-1,279
117,89	-0,953	1,749	-1,266
118,39	-0,994	1,747	-1,277
118,89	-0,995	1,755	-1,263
119,41	-0,977	1,761	-1,255
119,92	-0,968	1,766	-1,261
120,42	-0,928	1,817	-1,244
120,93	-0,872	1,841	-1,253
121,43	-0,851	1,846	-1,261
121,95	-0,846	1,845	-1,264
122,46	-0,850	1,841	-1,267
122,97	-0,846	1,849	-1,267
123,47	-0,817	1,848	-1,242
123,97	-0,773	1,848	-1,222
124,49	-0,755	1,848	-1,215
125,00	-0,718	1,848	-1,217
125,52	-0,666	1,847	-1,234
126,03	-0,630	1,847	-1,253
126,53	-0,600	1,845	-1,287
127,03	-0,779	1,841	-1,200
127,54	-0,852	1,841	-1,251
128,04	-0,833	1,841	-1,262
128,54	-0,894	1,844	-1,299
129,06	-0,957	1,843	-1,313
129,56	-0,901	1,847	-1,277
130,06	-0,803	1,844	-1,227
130,57	-0,753	1,846	-1,189
131,07	-0,808	1,807	-1,221
131,57	-0,871	1,785	-1,242
132,08	-0,891	1,781	-1,263
132,59	-0,897	1,787	-1,295
133,09	-0,898	1,790	-1,345
133,60	-0,904	1,788	-1,356
134,11	-0,901	1,787	-1,319
134,61	-0,897	1,789	-1,301
135,11	-0,874	1,820	-1,280
135,63	-0,833	1,842	-1,278
136,13	-0,823	1,850	-1,290
136,63	-0,829	1,848	-1,290
137,14	-0,835	1,845	-1,283
137,64	-0,834	1,847	-1,284
138,14	-0,828	1,862	-1,298
138,65	-0,837	1,849	-1,280
139,15	-0,839	1,843	-1,268
139,66	-0,843	1,840	-1,268
140,17	-0,850	1,832	-1,272
140,68	-0,847	1,833	-1,281
141,20	-0,842	1,833	-1,287
141,71	-0,835	1,838	-1,293
142,22	-0,835	1,839	-1,295
142,72	-0,833	1,842	-1,297
143,24	-0,827	1,844	-1,299
143,75	-0,828	1,845	-1,293
144,25	-0,830	1,843	-1,292
144,75	-0,829	1,842	-1,290
145,27	-0,830	1,840	-1,287
145,78	-0,832	1,841	-1,286
146,28	-0,874	1,823	-1,324
146,79	-0,904	1,806	-1,360
147,29	-0,939	1,796	-1,372
147,79	-0,976	1,791	-1,370
148,31	-0,952	1,777	-1,325
148,82	-0,895	1,766	-1,280
149,32	-0,870	1,805	-1,272
149,82	-0,848	1,810	-1,270
150,34	-0,834	1,838	-1,274
150,84	-0,823	1,842	-1,283
151,35	-0,862	1,823	-1,310
151,86	-0,890	1,809	-1,335
152,36	-0,898	1,805	-1,335
152,88	-0,898	1,805	-1,332
153,39	-0,897	1,805	-1,328
153,89	-0,889	1,805	-1,316
154,41	-0,893	1,804	-1,323
154,92	-0,888	1,807	-1,326
155,42	-0,861	1,820	-1,301
155,93	-0,871	1,807	-1,328
156,45	-0,885	1,800	-1,363
156,95	-0,895	1,796	-1,358
157,46	-0,895	1,791	-1,343
157,98	-0,882	1,788	-1,324
158,48	-0,871	1,810	-1,290
158,99	-0,852	1,827	-1,279
159,49	-0,875	1,796	-1,315
159,99	-0,900	1,786	-1,343
160,50	-0,910	1,783	-1,354
161,00	-0,899	1,793	-1,332
161,52	-0,887	1,802	-1,320
162,03	-0,892	1,803	-1,318
162,53	-0,890	1,803	-1,308
163,03	-0,869	1,796	-1,286
163,53	-0,846	1,794	-1,277
164,04	-0,829	1,830	-1,290
164,54	-0,817	1,845	-1,310
165,04	-0,819	1,845	-1,317
165,56	-0,814	1,846	-1,318
166,07	-0,813	1,847	-1,316
166,57	-0,812	1,845	-1,311
167,09	-0,813	1,845	-1,312
167,59	-0,812	1,846	-1,312
168,10	-0,808	1,845	-1,312
168,61	-0,797	1,823	-1,287
169,11	-0,784	1,782	-1,237
169,63	-0,823	1,818	-1,267
170,14	-0,803	1,841	-1,292
170,65	-0,795	1,848	-1,281
171,15	-0,806	1,841	-1,274
171,66	-0,843	1,809	-1,272
172,18	-0,879	1,791	-1,296
172,69	-0,895	1,785	-1,315
173,20	-0,866	1,812	-1,282
173,72	-0,830	1,835	-1,282
174,22	-0,825	1,843	-1,296
174,72	-0,846	1,827	-1,295
175,23	-0,844	1,822	-1,295
175,73	-0,854	1,812	-1,309
176,25	-0,829	1,829	-1,290
176,76	-0,799	1,842	-1,283
177,27	-0,798	1,841	-1,274
177,77	-0,825	1,828	-1,279
178,27	-0,825	1,829	-1,279
178,79	-0,815	1,833	-1,274
179,29	-0,804	1,837	-1,270
179,79	-0,801	1,841	-1,276
180,29	-0,805	1,836	-1,270
180,80	-0,812	1,831	-1,272
181,30	-0,814	1,835	-1,272
181,80	-0,814	1,838	-1,270
182,31	-0,820	1,842	-1,261
182,83	-0,826	1,839	-1,258
183,33	-0,833	1,845	-1,258
183,84	-0,825	1,849	-1,259
184,35	-0,820	1,850	-1,254
184,85	-0,834	1,840	-1,263
185,36	-0,862	1,816	-1,282
185,88	-0,839	1,841	-1,274
186,38	-0,824	1,847	-1,267
186,89	-0,823	1,852	-1,274
187,41	-0,827	1,850	-1,278
187,91	-0,837	1,847	-1,279
188,42	-0,838	1,845	-1,273
188,93	-0,822	1,875	-1,276
189,45	-0,826	1,855	-1,253
189,96	-0,833	1,847	-1,255
190,46	-0,845	1,843	-1,259
190,97	-0,834	1,845	-1,259
191,49	-0,830	1,845	-1,267
191,99	-0,830	1,842	-1,269
192,49	-0,827	1,841	-1,271
192,99	-0,829	1,840	-1,270
193,49	-0,841	1,834	-1,268
194,00	-0,890	1,812	-1,301
194,50	-0,949	1,791	-1,328
195,02	-0,933	1,785	-1,255
195,52	-0,863	1,803	-1,248
196,02	-0,830	1,839	-1,253
196,52	-0,798	1,846	-1,251
197,04	-0,810	1,827	-1,278
197,54	-0,848	1,805	-1,307
198,04	-0,831	1,811	-1,300
198,54	-0,807	1,828	-1,282
199,05	-0,807	1,839	-1,271
199,55	-0,812	1,846	-1,284
200,05	-0,827	1,849	-1,310
200,56	-0,827	1,847	-1,309
201,06	-0,823	1,844	-1,297
201,57	-0,816	1,839	-1,285
202,07	-0,815	1,841	-1,282
202,57	-0,818	1,846	-1,284
203,07	-0,819	1,847	-1,283
203,57	-0,834	1,846	-1,276
204,09	-0,844	1,845	-1,268
204,60	-0,847	1,844	-1,265
205,10	-0,847	1,844	-1,264
205,61	-0,874	1,804	-1,266
206,11	-0,916	1,790	-1,306
206,63	-0,926	1,785	-1,340
207,14	-0,926	1,782	-1,338
207,64	-0,922	1,790	-1,320
208,16	-0,863	1,824	-1,273
208,67	-0,834	1,833	-1,275
209,18	-0,829	1,832	-1,275
209,68	-0,835	1,833	-1,284
210,18	-0,833	1,836	-1,285
210,70	-0,825	1,837	-1,284
211,20	-0,826	1,837	-1,287
211,70	-0,825	1,835	-1,282
212,21	-0,816	1,830	-1,274
212,71	-0,817	1,830	-1,267
213,21	-0,823	1,836	-1,267
213,72	-0,823	1,840	-1,274
214,24	-0,821	1,844	-1,279
214,74	-0,822	1,844	-1,280
215,25	-0,823	1,843	-1,284
215,77	-0,822	1,843	-1,288
216,27	-0,814	1,848	-1,278
216,78	-0,781	1,868	-1,264
217,28	-0,753	1,876	-1,255
217,78	-0,754	1,859	-1,262
218,29	-0,772	1,848	-1,274
218,79	-0,781	1,847	-1,282
219,31	-0,781	1,843	-1,279
219,82	-0,775	1,840	-1,270
220,32	-0,772	1,834	-1,257
220,84	-0,763	1,831	-1,251
221,34	-0,750	1,822	-1,230
221,85	-0,739	1,822	-1,224
222,35	-0,745	1,819	-1,228
222,86	-0,754	1,817	-1,231
223,36	-0,795	1,798	-1,256
223,86	-0,817	1,794	-1,278
224,36	-0,813	1,792	-1,275
224,88	-0,791	1,812	-1,245
225,39	-0,752	1,830	-1,230
225,89	-0,743	1,830	-1,225
226,40	-0,786	1,837	-1,261
226,90	-0,843	1,849	-1,319
227,41	-0,896	1,845	-1,349
227,92	-0,865	1,851	-1,285
228,43	-0,821	1,853	-1,254
228,95	-0,806	1,845	-1,255
229,46	-0,806	1,841	-1,256
229,97	-0,822	1,834	-1,261
230,47	-0,826	1,831	-1,259
230,97	-0,821	1,839	-1,260
231,49	-0,777	1,853	-1,295
231,99	-0,769	1,849	-1,312
232,50	-0,776	1,840	-1,304
233,00	-0,779	1,840	-1,308
233,50	-0,778	1,841	-1,311
234,01	-0,775	1,856	-1,311
234,52	-0,755	1,877	-1,323
235,03	-0,756	1,876	-1,330
235,53	-0,762	1,866	-1,331
236,03	-0,771	1,861	-1,330
236,53	-0,772	1,859	-1,327
237,04	-0,771	1,861	-1,320
237,56	-0,770	1,861	-1,317
238,06	-0,773	1,861	-1,315
238,57	-0,772	1,862	-1,314
239,08	-0,765	1,864	-1,320
239,58	-0,763	1,863	-1,317
240,08	-0,765	1,860	-1,311
240,60	-0,769	1,858	-1,305
241,11	-0,789	1,852	-1,288
241,61	-0,797	1,850	-1,294
242,13	-0,797	1,851	-1,290
242,64	-0,799	1,852	-1,284
243,14	-0,799	1,850	-1,285
243,64	-0,794	1,850	-1,290
244,15	-0,794	1,855	-1,295
244,65	-0,744	1,858	-1,265
245,17	-0,711	1,856	-1,256
245,67	-0,690	1,844	-1,250
246,21	-0,705	1,826	-1,270
246,71	-0,737	1,832	-1,290
247,22	-0,751	1,838	-1,302
247,72	-0,750	1,841	-1,307
248,23	-0,747	1,846	-1,307
248,74	-0,746	1,846	-1,304
249,26	-0,751	1,853	-1,297
249,76	-0,755	1,852	-1,282
250,27	-0,812	1,824	-1,299
250,79	-0,836	1,811	-1,289
251,29	-0,805	1,827	-1,265
251,80	-0,789	1,841	-1,255
252,31	-0,788	1,846	-1,252
252,81	-0,788	1,850	-1,262
253,32	-0,788	1,852	-1,270
253,83	-0,781	1,855	-1,271
254,34	-0,777	1,855	-1,274
254,84	-0,771	1,851	-1,272
255,36	-0,768	1,854	-1,281
255,86	-0,765	1,855	-1,286
256,36	-0,768	1,853	-1,288
256,88	-0,780	1,848	-1,285
257,39	-0,783	1,847	-1,274
257,89	-0,812	1,835	-1,290
258,40	-0,822	1,831	-1,287
258,92	-0,810	1,839	-1,268
259,42	-0,808	1,840	-1,262
259,92	-0,807	1,839	-1,261
260,43	-0,812	1,835	-1,265
260,95	-0,810	1,835	-1,266
261,46	-0,805	1,837	-1,263
261,96	-0,803	1,837	-1,266
262,47	-0,801	1,838	-1,271
262,99	-0,799	1,838	-1,271
263,50	-0,798	1,837	-1,267
264,00	-0,834	1,804	-1,289
264,52	-0,868	1,792	-1,319
265,02	-0,878	1,789	-1,328
265,53	-0,881	1,787	-1,326
266,04	-0,882	1,787	-1,322
266,56	-0,882	1,789	-1,321
267,06	-0,881	1,792	-1,319
267,57	-0,879	1,792	-1,317
268,08	-0,879	1,791	-1,313
268,58	-0,880	1,789	-1,310
269,10	-0,883	1,790	-1,306
269,61	-0,883	1,792	-1,303
270,11	-0,880	1,793	-1,304
270,63	-0,875	1,793	-1,305
271,13	-0,875	1,793	-1,304
271,63	-0,872	1,789	-1,311
272,14	-0,866	1,791	-1,300
272,64	-0,866	1,790	-1,309
273,14	-0,870	1,789	-1,319
273,65	-0,870	1,789	-1,321
274,17	-0,871	1,788	-1,315
274,67	-0,869	1,789	-1,312
275,17	-0,870	1,789	-1,311
275,68	-0,872	1,788	-1,310
276,18	-0,866	1,792	-1,290
276,68	-0,864	1,791	-1,285
277,19	-0,853	1,790	-1,273
277,70	-0,842	1,788	-1,253
278,20	-0,824	1,819	-1,230
278,70	-0,825	1,820	-1,248
279,21	-0,821	1,830	-1,258
279,72	-0,845	1,824	-1,297
280,22	-0,857	1,813	-1,333
280,72	-0,848	1,819	-1,300
281,24	-0,822	1,832	-1,273
281,74	-0,812	1,836	-1,280
282,25	-0,811	1,837	-1,286
282,75	-0,810	1,837	-1,286
283,25	-0,807	1,837	-1,288
283,76	-0,801	1,839	-1,293
284,28	-0,799	1,842	-1,293
284,78	-0,803	1,838	-1,291
285,28	-0,806	1,838	-1,296
285,79	-0,805	1,836	-1,296
286,31	-0,806	1,834	-1,294
286,82	-0,810	1,833	-1,288
287,32	-0,818	1,832	-1,279
287,82	-0,825	1,832	-1,276
288,33	-0,823	1,827	-1,272
288,84	-0,819	1,826	-1,277
289,35	-0,813	1,833	-1,280
289,86	-0,811	1,832	-1,277
290,36	-0,807	1,832	-1,278
290,88	-0,807	1,834	-1,279
291,39	-0,806	1,834	-1,281
291,89	-0,800	1,835	-1,280
292,40	-0,795	1,836	-1,282
292,90	-0,822	1,822	-1,318
293,42	-0,833	1,818	-1,331
293,92	-0,835	1,818	-1,329
294,42	-0,822	1,826	-1,290
294,93	-0,804	1,833	-1,269
295,43	-0,796	1,834	-1,269
295,93	-0,794	1,832	-1,273
296,45	-0,778	1,806	-1,262
296,95	-0,768	1,830	-1,271
297,46	-0,753	1,844	-1,278
297,97	-0,755	1,844	-1,275
298,49	-0,764	1,842	-1,274
298,99	-0,777	1,841	-1,276
299,50	-0,786	1,841	-1,270
300,00	-0,783	1,843	-1,266
300,50	-0,787	1,844	-1,263
301,01	-0,782	1,845	-1,265
301,52	-0,779	1,844	-1,266
302,03	-0,782	1,843	-1,265
302,54	-0,782	1,842	-1,265
303,06	-0,777	1,842	-1,271
303,56	-0,775	1,842	-1,275
304,06	-0,776	1,838	-1,267
304,58	-0,793	1,827	-1,271
305,08	-0,772	1,831	-1,264
305,58	-0,744	1,843	-1,265
306,11	-0,732	1,847	-1,273
306,62	-0,744	1,849	-1,277
307,12	-0,749	1,850	-1,272
307,63	-0,764	1,851	-1,270
308,13	-0,765	1,851	-1,268
308,63	-0,775	1,853	-1,272
309,13	-0,774	1,853	-1,272
309,65	-0,756	1,855	-1,266
310,15	-0,745	1,856	-1,270
310,65	-0,741	1,856	-1,278
311,15	-0,749	1,853	-1,282
311,67	-0,777	1,817	-1,280
312,17	-0,782	1,813	-1,285
312,67	-0,779	1,809	-1,295
313,18	-0,785	1,834	-1,273
313,68	-0,773	1,844	-1,256
314,18	-0,770	1,849	-1,271
314,70	-0,768	1,850	-1,276
315,20	-0,766	1,849	-1,281
315,71	-0,766	1,848	-1,283
316,22	-0,768	1,848	-1,286
316,72	-0,770	1,847	-1,287
317,24	-0,769	1,847	-1,288
317,75	-0,765	1,848	-1,291
318,25	-0,765	1,848	-1,294
318,77	-0,762	1,842	-1,266
319,27	-0,692	1,832	-1,202
319,78	-0,656	1,835	-1,160
320,29	-0,711	1,855	-1,238
320,81	-0,821	1,825	-1,267
321,31	-0,823	1,810	-1,248
321,82	-0,788	1,829	-1,242
322,33	-0,789	1,834	-1,248
322,84	-0,791	1,830	-1,246
323,36	-0,801	1,818	-1,259
323,86	-0,792	1,821	-1,258
324,36	-0,773	1,827	-1,265
324,89	-0,752	1,837	-1,277
325,40	-0,742	1,846	-1,276
325,91	-0,759	1,839	-1,273
326,42	-0,763	1,841	-1,270
326,93	-0,776	1,843	-1,263
327,44	-0,785	1,844	-1,255
327,94	-0,785	1,846	-1,256
328,44	-0,791	1,849	-1,258
328,94	-0,785	1,849	-1,260
329,45	-0,785	1,848	-1,266
329,97	-0,776	1,846	-1,274
330,47	-0,772	1,847	-1,278
330,97	-0,773	1,846	-1,279
331,47	-0,779	1,846	-1,278
331,97	-0,782	1,847	-1,271
332,49	-0,782	1,843	-1,260
332,99	-0,783	1,842	-1,255
333,49	-0,786	1,842	-1,256
334,00	-0,783	1,844	-1,262
334,52	-0,781	1,844	-1,269
335,03	-0,778	1,844	-1,268
335,54	-0,777	1,844	-1,267
336,06	-0,779	1,844	-1,266
336,56	-0,779	1,860	-1,268
337,07	-0,776	1,855	-1,273
337,59	-0,748	1,860	-1,256
338,09	-0,814	1,851	-1,300
338,59	-0,831	1,854	-1,281
339,10	-0,763	1,840	-1,211
339,60	-0,706	1,828	-1,181
340,10	-0,803	1,788	-1,214
340,61	-0,851	1,781	-1,273
341,13	-0,866	1,789	-1,262
341,64	-0,846	1,789	-1,238
342,14	-0,839	1,825	-1,246
342,64	-0,828	1,824	-1,247
343,14	-0,808	1,813	-1,238
343,65	-0,803	1,823	-1,259
344,17	-0,805	1,840	-1,264
344,67	-0,795	1,844	-1,264
345,18	-0,793	1,846	-1,272
345,68	-0,792	1,846	-1,280
346,18	-0,786	1,846	-1,279
346,70	-0,780	1,846	-1,277
347,20	-0,775	1,849	-1,271
347,71	-0,776	1,848	-1,267
348,22	-0,770	1,848	-1,265
348,72	-0,768	1,847	-1,271
349,22	-0,769	1,847	-1,277
349,72	-0,769	1,845	-1,283
350,23	-0,769	1,846	-1,287
350,74	-0,768	1,845	-1,284
351,25	-0,766	1,827	-1,256
351,76	-0,749	1,823	-1,228
352,26	-0,742	1,819	-1,222
352,76	-0,739	1,826	-1,225
353,27	-0,748	1,838	-1,232
353,79	-0,763	1,844	-1,250
354,30	-0,765	1,845	-1,256
354,80	-0,765	1,844	-1,272
355,31	-0,782	1,840	-1,263
355,83	-0,792	1,833	-1,253
356,33	-0,791	1,837	-1,261
356,84	-0,782	1,833	-1,253
357,35	-0,779	1,828	-1,241
357,86	-0,765	1,829	-1,230
358,36	-0,762	1,833	-1,231
358,87	-0,757	1,835	-1,231
359,37	-0,754	1,836	-1,230
359,88	-0,754	1,837	-1,232
360,39	-0,751	1,836	-1,234
360,89	-0,746	1,837	-1,237
361,39	-0,743	1,837	-1,243
361,90	-0,741	1,838	-1,248
362,40	-0,735	1,838	-1,248
362,92	-0,733	1,839	-1,246
363,43	-0,736	1,839	-1,245
363,93	-0,739	1,838	-1,245
364,43	-0,740	1,837	-1,244
364,95	-0,733	1,837	-1,244
365,45	-0,731	1,838	-1,248
365,95	-0,726	1,840	-1,255
366,46	-0,722	1,841	-1,252
366,96	-0,723	1,841	-1,245
367,47	-0,725	1,839	-1,243
367,97	-0,723	1,838	-1,241
368,49	-0,721	1,838	-1,245
369,00	-0,723	1,838	-1,242
369,51	-0,724	1,838	-1,242
370,03	-0,726	1,838	-1,244
370,53	-0,725	1,839	-1,245
371,04	-0,727	1,840	-1,239
371,56	-0,729	1,839	-1,237
372,06	-0,730	1,839	-1,239
372,56	-0,730	1,838	-1,247
373,07	-0,728	1,839	-1,256
373,58	-0,728	1,840	-1,256
374,10	-0,728	1,840	-1,255
374,61	-0,728	1,839	-1,255
375,11	-0,727	1,838	-1,254
375,61	-0,728	1,838	-1,254
376,11	-0,731	1,838	-1,254
376,61	-0,732	1,837	-1,251
377,13	-0,735	1,837	-1,251
377,64	-0,739	1,836	-1,250
378,14	-0,737	1,836	-1,250
378,64	-0,735	1,836	-1,251
379,15	-0,736	1,836	-1,252
379,67	-0,735	1,835	-1,256
380,17	-0,733	1,833	-1,259
380,68	-0,732	1,834	-1,262
381,19	-0,733	1,836	-1,266
381,70	-0,744	1,838	-1,264
382,21	-0,742	1,837	-1,262
382,72	-0,734	1,837	-1,271
383,22	-0,735	1,836	-1,279
383,74	-0,732	1,835	-1,283
384,25	-0,732	1,836	-1,288
384,75	-0,729	1,837	-1,289
385,26	-0,727	1,838	-1,290
385,78	-0,729	1,838	-1,288
386,28	-0,729	1,837	-1,285
386,79	-0,729	1,838	-1,287
387,31	-0,727	1,838	-1,291
387,82	-0,730	1,838	-1,295
388,32	-0,738	1,836	-1,289
388,83	-0,747	1,834	-1,279
389,33	-0,752	1,833	-1,277
389,83	-0,757	1,833	-1,275
390,35	-0,759	1,833	-1,276
390,85	-0,767	1,832	-1,272
391,36	-0,765	1,833	-1,263
391,88	-0,761	1,833	-1,262
392,38	-0,756	1,830	-1,264
392,88	-0,757	1,828	-1,265
393,38	-0,755	1,829	-1,265
393,88	-0,753	1,832	-1,264
394,39	-0,747	1,833	-1,266
394,90	-0,742	1,833	-1,270
395,42	-0,741	1,833	-1,273
395,92	-0,739	1,833	-1,275
396,43	-0,740	1,835	-1,281
396,93	-0,748	1,837	-1,286
397,45	-0,745	1,835	-1,286
397,96	-0,749	1,833	-1,287
398,47	-0,752	1,834	-1,287
398,97	-0,754	1,835	-1,283
399,47	-0,754	1,835	-1,280
399,99	-0,756	1,834	-1,280
400,49	-0,755	1,833	-1,280
400,99	-0,755	1,834	-1,286
401,49	-0,757	1,834	-1,291
402,00	-0,756	1,835	-1,292
402,50	-0,756	1,834	-1,291
403,01	-0,757	1,833	-1,286
403,51	-0,758	1,832	-1,283
404,02	-0,754	1,833	-1,280
404,52	-0,756	1,833	-1,278
405,03	-0,758	1,832	-1,276
405,53	-0,760	1,831	-1,276
406,03	-0,763	1,831	-1,276
406,54	-0,763	1,831	-1,281
407,04	-0,761	1,832	-1,281
407,54	-0,764	1,831	-1,280
408,06	-0,768	1,831	-1,278
408,57	-0,771	1,832	-1,275
409,07	-0,770	1,832	-1,269
409,58	-0,764	1,833	-1,269
410,08	-0,766	1,834	-1,273
410,60	-0,767	1,833	-1,276
411,11	-0,767	1,832	-1,276
411,61	-0,791	1,841	-1,267
412,13	-0,796	1,854	-1,254
412,64	-0,802	1,852	-1,270
413,14	-0,812	1,848	-1,277
413,64	-0,806	1,847	-1,276
414,15	-0,803	1,846	-1,273
414,67	-0,801	1,845	-1,268
415,17	-0,799	1,843	-1,262
415,67	-0,802	1,841	-1,259
416,18	-0,799	1,842	-1,262
416,68	-0,797	1,842	-1,261
417,19	-0,786	1,833	-1,264
417,71	-0,783	1,829	-1,271
418,21	-0,783	1,829	-1,273
418,71	-0,785	1,831	-1,274
419,22	-0,785	1,830	-1,270
419,72	-0,777	1,834	-1,270
420,22	-0,779	1,832	-1,273
420,74	-0,765	1,830	-1,269
421,25	-0,730	1,828	-1,253
421,75	-0,736	1,832	-1,268
422,26	-0,746	1,833	-1,277
422,76	-0,745	1,833	-1,279
423,28	-0,746	1,832	-1,281
423,87	0,367	-0,305	-1,288
Session ended: 20-05-2026 11:27:09
