Time(s)	X	Y	Z
3,29	-0,720	-0,305	-1,230
3,79	-0,720	-0,305	-1,230
4,29	-1,611	1,558	-0,598
4,80	-0,720	1,557	-1,232
5,32	-0,715	1,550	-1,240
5,82	-0,719	1,537	-1,204
6,32	-0,734	1,542	-1,225
6,83	-0,731	1,551	-1,232
7,33	-0,731	1,547	-1,227
7,83	-0,734	1,548	-1,229
8,33	-0,743	1,547	-1,232
8,83	-0,769	1,551	-1,237
9,34	-0,850	1,546	-1,269
9,84	-0,852	1,537	-1,283
10,35	-0,762	1,529	-1,277
10,85	-0,796	1,538	-1,273
11,36	-0,803	1,545	-1,269
11,87	-0,795	1,549	-1,272
12,37	-0,789	1,555	-1,276
12,87	-0,773	1,561	-1,297
13,37	-0,788	1,557	-1,306
13,88	-0,788	1,549	-1,304
14,40	-0,801	1,543	-1,294
14,90	-0,798	1,544	-1,288
15,41	-0,791	1,548	-1,283
15,91	-0,791	1,548	-1,290
16,41	-0,796	1,547	-1,296
16,93	-0,782	1,552	-1,286
17,44	-0,780	1,552	-1,288
17,94	-0,782	1,552	-1,295
18,45	-0,788	1,549	-1,294
18,97	-0,781	1,551	-1,290
19,47	-0,772	1,549	-1,281
19,98	-0,780	1,545	-1,273
20,49	-0,786	1,546	-1,273
20,99	-0,783	1,548	-1,278
21,51	-0,766	1,556	-1,290
22,02	-0,768	1,554	-1,291
22,52	-0,769	1,553	-1,294
23,04	-0,767	1,554	-1,292
23,54	-0,769	1,551	-1,287
24,04	-0,777	1,548	-1,285
24,55	-0,777	1,549	-1,280
25,06	-0,742	1,548	-1,262
25,56	-0,668	1,547	-1,232
26,08	-0,676	1,551	-1,231
26,59	-0,858	1,554	-1,305
27,10	-0,906	1,553	-1,297
27,62	-0,862	1,557	-1,257
28,12	-0,846	1,571	-1,270
28,62	-0,855	1,565	-1,269
29,13	-0,859	1,561	-1,257
29,65	-0,863	1,556	-1,244
30,15	-0,874	1,552	-1,238
30,66	-0,876	1,543	-1,228
31,17	-0,861	1,551	-1,237
31,69	-0,858	1,551	-1,228
32,19	-0,847	1,553	-1,225
32,69	-0,853	1,550	-1,218
33,20	-0,847	1,540	-1,211
33,70	-0,831	1,542	-1,214
34,22	-0,840	1,549	-1,239
34,72	-0,853	1,549	-1,260
35,22	-0,850	1,551	-1,261
35,72	-0,850	1,547	-1,250
36,23	-0,855	1,548	-1,242
36,73	-0,865	1,545	-1,230
37,23	-0,874	1,542	-1,230
37,74	-0,890	1,538	-1,223
38,24	-0,896	1,536	-1,217
38,76	-0,891	1,538	-1,214
39,27	-0,886	1,539	-1,215
39,78	-0,883	1,540	-1,219
40,28	-0,886	1,540	-1,219
40,79	-0,892	1,530	-1,228
41,29	-0,890	1,520	-1,234
41,79	-0,890	1,519	-1,236
42,30	-0,881	1,521	-1,237
42,80	-0,877	1,523	-1,236
43,30	-0,875	1,521	-1,231
43,81	-0,871	1,523	-1,227
44,33	-0,876	1,535	-1,228
44,84	-0,915	1,535	-1,241
45,34	-0,976	1,529	-1,215
45,84	-0,949	1,538	-1,070
46,36	-0,987	1,540	-1,042
46,86	-1,026	1,538	-1,072
47,37	-1,019	1,539	-1,075
47,87	-1,012	1,519	-1,074
48,37	-1,012	1,516	-1,062
48,88	-1,017	1,529	-1,066
49,38	-1,015	1,527	-1,059
49,88	-1,008	1,535	-1,063
50,40	-1,005	1,540	-1,069
50,90	-1,010	1,542	-1,070
51,42	-1,013	1,543	-1,070
51,93	-1,017	1,548	-1,069
52,45	-1,035	1,562	-1,078
52,96	-1,127	1,547	-1,100
53,46	-1,054	1,550	-1,130
53,97	-0,898	1,554	-1,132
54,49	-0,855	1,553	-1,146
54,99	-0,873	1,548	-1,140
55,49	-0,876	1,547	-1,132
56,00	-0,870	1,549	-1,137
56,50	-0,871	1,551	-1,141
57,01	-0,875	1,550	-1,135
57,51	-0,877	1,547	-1,127
58,02	-0,877	1,547	-1,130
58,52	-0,882	1,545	-1,133
59,04	-0,879	1,545	-1,136
59,55	-0,887	1,543	-1,145
60,05	-0,905	1,534	-1,147
60,56	-0,902	1,540	-1,145
61,08	-0,885	1,546	-1,147
61,58	-0,868	1,547	-1,146
62,09	-0,864	1,549	-1,146
62,59	-0,873	1,548	-1,142
63,09	-0,878	1,546	-1,131
63,60	-0,877	1,546	-1,123
64,10	-0,872	1,548	-1,127
64,60	-0,865	1,547	-1,131
65,10	-0,857	1,548	-1,137
65,62	-0,857	1,548	-1,138
66,12	-0,856	1,548	-1,137
66,62	-0,856	1,548	-1,134
67,13	-0,858	1,546	-1,126
67,65	-0,862	1,546	-1,132
68,15	-0,864	1,546	-1,141
68,66	-0,861	1,546	-1,139
69,17	-0,862	1,546	-1,139
69,67	-0,863	1,544	-1,137
70,19	-0,860	1,545	-1,135
70,70	-0,860	1,546	-1,139
71,20	-0,857	1,546	-1,138
71,72	-0,857	1,545	-1,130
72,23	-0,860	1,544	-1,127
72,73	-0,860	1,544	-1,127
73,24	-0,862	1,544	-1,133
73,76	-0,861	1,545	-1,143
74,26	-0,859	1,545	-1,143
74,77	-0,859	1,545	-1,136
75,29	-0,859	1,543	-1,130
75,80	-0,851	1,546	-1,128
76,30	-0,848	1,547	-1,134
76,80	-0,848	1,547	-1,136
77,30	-0,858	1,545	-1,139
77,81	-0,862	1,543	-1,134
78,31	-0,860	1,543	-1,131
78,81	-0,856	1,551	-1,128
79,33	-0,895	1,535	-1,144
79,84	-0,906	1,527	-1,159
80,34	-0,872	1,541	-1,129
80,86	-0,861	1,544	-1,125
81,37	-0,869	1,539	-1,119
81,87	-0,976	1,523	-1,103
82,37	-1,101	1,526	-1,110
82,88	-1,120	1,528	-1,094
83,38	-0,999	1,545	-1,048
83,90	-0,864	1,536	-0,997
84,41	-0,822	1,539	-0,998
84,92	-0,840	1,543	-1,020
85,44	-0,888	1,553	-1,087
85,95	-0,992	1,548	-1,176
86,45	-0,971	1,551	-1,184
86,97	-0,925	1,545	-1,154
87,48	-0,923	1,540	-1,133
87,99	-0,907	1,538	-1,134
88,51	-0,914	1,531	-1,121
89,02	-0,924	1,537	-1,107
89,52	-0,942	1,542	-1,094
90,03	-0,947	1,539	-1,103
90,53	-0,926	1,547	-1,124
91,04	-0,910	1,550	-1,138
91,55	-0,909	1,551	-1,133
92,05	-0,909	1,550	-1,134
92,55	-0,908	1,551	-1,138
93,06	-0,906	1,551	-1,137
93,58	-0,908	1,551	-1,139
94,09	-0,910	1,550	-1,138
94,59	-0,915	1,550	-1,131
95,10	-0,924	1,547	-1,117
95,62	-0,925	1,547	-1,110
96,13	-0,919	1,548	-1,115
96,65	-0,911	1,549	-1,125
97,16	-0,913	1,547	-1,128
97,67	-0,920	1,544	-1,126
98,17	-0,918	1,546	-1,126
98,68	-0,917	1,548	-1,124
99,19	-0,920	1,545	-1,113
99,69	-0,927	1,543	-1,096
100,20	-0,935	1,542	-1,076
100,72	-0,926	1,545	-1,086
101,22	-0,922	1,545	-1,104
101,73	-0,933	1,532	-1,103
102,24	-0,956	1,516	-1,092
102,74	-0,969	1,510	-1,090
103,26	-0,957	1,520	-1,100
103,77	-0,937	1,534	-1,123
104,27	-0,913	1,548	-1,143
104,77	-0,891	1,554	-1,152
105,28	-0,891	1,551	-1,139
105,78	-0,897	1,549	-1,140
106,30	-0,905	1,547	-1,143
106,80	-0,919	1,529	-1,137
107,31	-0,918	1,533	-1,124
107,81	-0,912	1,535	-1,124
108,31	-0,906	1,538	-1,126
108,83	-0,907	1,539	-1,130
109,33	-0,906	1,540	-1,138
109,83	-0,905	1,541	-1,136
110,34	-0,899	1,541	-1,131
110,86	-0,899	1,532	-1,117
111,37	-0,900	1,535	-1,120
111,88	-0,897	1,540	-1,132
112,38	-0,898	1,539	-1,136
112,90	-0,904	1,536	-1,114
113,41	-0,912	1,542	-1,108
113,92	-0,914	1,542	-1,111
114,42	-0,910	1,539	-1,109
114,93	-0,911	1,542	-1,110
115,43	-0,923	1,548	-1,119
115,96	-1,001	1,550	-1,152
116,47	-1,084	1,522	-1,231
116,97	-0,937	1,541	-1,204
117,49	-0,759	1,547	-1,181
117,99	-0,746	1,548	-1,196
118,50	-0,754	1,546	-1,196
119,00	-0,757	1,546	-1,204
119,50	-0,761	1,548	-1,220
120,00	-0,755	1,548	-1,219
120,51	-0,758	1,546	-1,217
121,01	-0,756	1,546	-1,218
121,52	-0,754	1,545	-1,213
122,02	-0,754	1,544	-1,209
122,54	-0,756	1,543	-1,207
123,05	-0,761	1,540	-1,211
123,55	-0,758	1,541	-1,211
124,06	-0,766	1,538	-1,215
124,58	-0,774	1,536	-1,219
125,09	-0,759	1,541	-1,207
125,60	-0,760	1,542	-1,208
126,10	-0,758	1,542	-1,211
126,60	-0,765	1,540	-1,209
127,12	-0,764	1,536	-1,202
127,62	-0,753	1,541	-1,220
128,13	-0,748	1,543	-1,222
128,63	-0,747	1,542	-1,214
129,13	-0,742	1,542	-1,208
129,65	-0,734	1,544	-1,201
130,16	-0,738	1,543	-1,203
130,67	-0,740	1,542	-1,204
131,19	-0,743	1,543	-1,209
131,69	-0,744	1,541	-1,211
132,20	-0,741	1,542	-1,214
132,72	-0,737	1,542	-1,207
133,22	-0,735	1,542	-1,202
133,73	-0,736	1,543	-1,207
134,24	-0,739	1,543	-1,213
134,74	-0,737	1,543	-1,216
135,24	-0,736	1,543	-1,216
135,76	-0,734	1,544	-1,211
136,27	-0,739	1,543	-1,202
136,77	-0,741	1,541	-1,192
137,28	-0,741	1,541	-1,194
137,80	-0,735	1,543	-1,199
138,30	-0,732	1,544	-1,211
138,81	-0,734	1,543	-1,216
139,33	-0,738	1,543	-1,219
139,84	-0,739	1,542	-1,217
140,35	-0,740	1,543	-1,214
140,87	-0,738	1,543	-1,214
141,37	-0,735	1,543	-1,213
141,88	-0,737	1,542	-1,209
142,38	-0,741	1,541	-1,209
142,88	-0,741	1,541	-1,210
143,40	-0,741	1,542	-1,206
143,91	-0,739	1,541	-1,201
144,41	-0,733	1,542	-1,200
144,92	-0,731	1,542	-1,199
145,44	-0,736	1,541	-1,198
145,94	-0,740	1,540	-1,206
146,44	-0,754	1,540	-1,198
146,95	-0,818	1,526	-1,146
147,47	-0,928	1,526	-1,138
147,97	-1,060	1,521	-1,169
148,48	-1,095	1,520	-1,172
148,99	-0,972	1,539	-1,152
149,51	-0,788	1,544	-1,129
150,02	-0,695	1,541	-1,116
150,52	-0,701	1,552	-1,147
151,03	-0,722	1,549	-1,166
151,54	-0,727	1,545	-1,168
152,05	-0,729	1,544	-1,163
152,56	-0,729	1,543	-1,156
153,08	-0,754	1,539	-1,151
153,59	-0,848	1,530	-1,160
154,10	-0,957	1,530	-1,188
154,60	-0,948	1,537	-1,165
155,10	-0,926	1,540	-1,136
155,60	-0,924	1,541	-1,129
156,12	-0,916	1,542	-1,129
156,63	-0,914	1,541	-1,126
157,15	-0,913	1,541	-1,117
157,66	-0,910	1,541	-1,117
158,16	-0,909	1,541	-1,118
158,67	-0,913	1,541	-1,118
159,19	-0,916	1,540	-1,117
159,69	-0,914	1,539	-1,117
160,20	-0,914	1,539	-1,116
160,70	-0,914	1,538	-1,115
161,20	-0,916	1,540	-1,117
161,72	-0,914	1,540	-1,118
162,23	-0,912	1,540	-1,117
162,74	-0,911	1,539	-1,117
163,24	-0,911	1,537	-1,110
163,76	-0,913	1,540	-1,107
164,26	-0,913	1,540	-1,100
164,76	-0,913	1,540	-1,099
165,26	-0,911	1,540	-1,099
165,76	-0,907	1,542	-1,107
166,27	-0,903	1,542	-1,114
166,78	-0,942	1,545	-1,119
167,29	-0,989	1,550	-1,123
167,89	-0,972	1,533	-1,152
168,40	-0,763	1,536	-1,171
168,92	-0,704	1,535	-1,193
169,42	-0,724	1,539	-1,202
169,92	-0,738	1,538	-1,211
170,43	-0,743	1,539	-1,224
170,94	-0,765	1,542	-1,284
171,45	-0,757	1,536	-1,341
171,95	-0,761	1,536	-1,352
172,47	-0,750	1,550	-1,245
172,97	-0,718	1,542	-1,189
173,48	-0,737	1,535	-1,197
173,98	-0,735	1,535	-1,194
174,48	-0,738	1,535	-1,200
174,99	-0,740	1,534	-1,200
175,51	-0,744	1,536	-1,209
176,01	-0,745	1,537	-1,217
176,52	-0,746	1,536	-1,214
177,02	-0,743	1,536	-1,216
177,52	-0,744	1,535	-1,218
178,02	-0,745	1,536	-1,212
178,53	-0,743	1,536	-1,210
179,05	-0,741	1,535	-1,219
179,55	-0,747	1,527	-1,226
180,06	-0,746	1,525	-1,233
180,56	-0,750	1,520	-1,230
181,06	-0,734	1,534	-1,216
181,58	-0,732	1,543	-1,214
182,09	-0,738	1,544	-1,216
182,59	-0,737	1,543	-1,217
183,10	-0,737	1,542	-1,218
183,62	-0,737	1,541	-1,214
184,12	-0,735	1,541	-1,213
184,63	-0,736	1,539	-1,217
185,13	-0,736	1,539	-1,217
185,63	-0,732	1,539	-1,221
186,15	-0,730	1,540	-1,225
186,65	-0,730	1,540	-1,223
187,15	-0,730	1,540	-1,219
187,65	-0,730	1,540	-1,217
188,16	-0,726	1,542	-1,214
188,67	-0,729	1,538	-1,210
189,17	-0,731	1,538	-1,216
189,69	-0,729	1,538	-1,223
190,19	-0,734	1,538	-1,221
190,69	-0,738	1,537	-1,220
191,20	-0,737	1,538	-1,215
191,72	-0,731	1,538	-1,213
192,22	-0,728	1,539	-1,209
192,73	-0,726	1,538	-1,201
193,24	-0,726	1,538	-1,198
193,74	-0,726	1,540	-1,201
194,26	-0,729	1,538	-1,203
194,76	-0,730	1,538	-1,209
195,26	-0,729	1,537	-1,209
195,76	-0,742	1,529	-1,187
196,27	-0,754	1,524	-1,177
196,77	-0,741	1,529	-1,186
197,27	-0,731	1,531	-1,193
197,78	-0,729	1,529	-1,198
198,30	-0,731	1,535	-1,211
198,81	-0,733	1,535	-1,211
199,33	-0,732	1,534	-1,206
199,83	-0,734	1,533	-1,206
200,34	-0,733	1,534	-1,206
200,85	-0,729	1,535	-1,207
201,35	-0,727	1,536	-1,211
201,87	-0,729	1,537	-1,214
202,38	-0,730	1,536	-1,216
202,90	-0,732	1,534	-1,215
203,41	-0,729	1,534	-1,211
203,91	-0,719	1,536	-1,205
204,42	-0,705	1,539	-1,204
204,92	-0,697	1,539	-1,208
205,44	-0,695	1,540	-1,210
205,94	-0,697	1,540	-1,209
206,44	-0,700	1,538	-1,206
206,95	-0,702	1,537	-1,206
207,46	-0,701	1,538	-1,206
207,96	-0,703	1,538	-1,206
208,47	-0,704	1,537	-1,203
208,98	-0,705	1,536	-1,202
209,49	-0,707	1,535	-1,204
209,99	-0,716	1,534	-1,202
210,49	-0,725	1,531	-1,201
211,01	-0,725	1,531	-1,203
211,51	-0,722	1,531	-1,200
212,02	-0,727	1,529	-1,195
212,52	-0,725	1,527	-1,195
213,03	-0,730	1,525	-1,183
213,55	-0,785	1,521	-1,164
214,05	-0,880	1,525	-1,161
214,56	-1,011	1,520	-1,200
215,08	-1,041	1,528	-1,213
215,58	-0,967	1,537	-1,160
216,08	-0,911	1,542	-1,127
216,59	-0,925	1,536	-1,097
217,10	-0,928	1,533	-1,075
217,60	-0,941	1,544	-1,111
218,11	-1,007	1,538	-1,171
218,62	-0,943	1,533	-1,181
219,14	-0,814	1,534	-1,161
219,64	-0,765	1,539	-1,171
220,15	-0,765	1,540	-1,169
220,66	-0,763	1,540	-1,170
221,17	-0,749	1,542	-1,167
221,68	-0,750	1,541	-1,173
222,19	-0,751	1,540	-1,177
222,70	-0,749	1,541	-1,181
223,21	-0,754	1,541	-1,185
223,72	-0,754	1,541	-1,185
224,22	-0,752	1,541	-1,181
224,73	-0,748	1,541	-1,169
225,23	-0,749	1,541	-1,164
225,73	-0,750	1,540	-1,165
226,24	-0,751	1,540	-1,170
226,74	-0,751	1,540	-1,172
227,24	-0,750	1,540	-1,174
227,76	-0,750	1,540	-1,177
228,27	-0,749	1,539	-1,174
228,79	-0,750	1,540	-1,172
229,30	-0,750	1,538	-1,168
229,80	-0,750	1,538	-1,166
230,31	-0,748	1,538	-1,165
230,81	-0,748	1,537	-1,163
231,31	-0,748	1,538	-1,164
231,81	-0,746	1,539	-1,170
232,33	-0,745	1,539	-1,170
232,84	-0,744	1,538	-1,169
233,34	-0,741	1,538	-1,168
233,84	-0,741	1,538	-1,166
234,35	-0,745	1,537	-1,160
234,85	-0,762	1,536	-1,145
235,35	-0,816	1,533	-1,119
235,87	-0,887	1,535	-1,125
236,37	-0,957	1,537	-1,154
236,87	-1,051	1,528	-1,189
237,38	-1,045	1,523	-1,175
237,90	-0,961	1,523	-1,106
238,40	-0,932	1,535	-1,092
238,91	-0,927	1,535	-1,098
239,42	-0,918	1,536	-1,105
239,92	-0,909	1,537	-1,108
240,42	-0,906	1,537	-1,111
240,94	-0,906	1,537	-1,108
241,44	-0,904	1,537	-1,104
241,94	-0,904	1,538	-1,103
242,45	-0,902	1,538	-1,102
242,96	-0,909	1,536	-1,100
243,47	-0,910	1,538	-1,105
243,97	-0,924	1,542	-1,111
244,48	-0,924	1,536	-1,116
244,98	-0,909	1,546	-1,123
245,49	-0,955	1,541	-1,129
246,00	-0,981	1,529	-1,162
246,50	-0,848	1,537	-1,144
247,01	-0,757	1,530	-1,114
247,53	-0,770	1,536	-1,103
248,04	-0,773	1,537	-1,101
248,54	-0,776	1,534	-1,114
249,05	-0,775	1,534	-1,132
249,55	-0,777	1,535	-1,140
250,07	-0,775	1,536	-1,142
250,57	-0,781	1,530	-1,142
251,08	-0,772	1,533	-1,139
251,58	-0,776	1,535	-1,143
252,11	-0,802	1,537	-1,155
252,62	-0,911	1,532	-1,165
253,14	-1,007	1,530	-1,191
253,64	-0,969	1,526	-1,174
254,15	-0,926	1,538	-1,127
254,65	-0,947	1,534	-1,093
255,15	-0,943	1,536	-1,088
255,67	-0,939	1,537	-1,092
256,17	-0,935	1,538	-1,094
256,67	-0,936	1,539	-1,093
257,17	-0,939	1,539	-1,096
257,68	-0,936	1,539	-1,099
258,19	-0,922	1,540	-1,102
258,71	-0,929	1,547	-1,136
259,22	-0,998	1,538	-1,197
259,72	-1,047	1,524	-1,224
260,24	-0,930	1,533	-1,229
260,75	-0,751	1,540	-1,202
261,25	-0,740	1,541	-1,195
261,75	-0,763	1,538	-1,181
262,26	-0,762	1,543	-1,173
262,77	-0,766	1,543	-1,178
263,27	-0,765	1,542	-1,183
263,78	-0,758	1,540	-1,187
264,28	-0,755	1,541	-1,193
264,78	-0,755	1,542	-1,196
265,30	-0,754	1,542	-1,196
265,80	-0,755	1,542	-1,197
266,31	-0,754	1,541	-1,193
266,81	-0,750	1,541	-1,192
267,33	-0,744	1,540	-1,193
267,83	-0,749	1,539	-1,198
268,34	-0,752	1,540	-1,199
268,84	-0,754	1,539	-1,198
269,35	-0,751	1,540	-1,198
269,85	-0,754	1,542	-1,195
270,35	-0,792	1,541	-1,181
270,87	-0,907	1,506	-1,165
271,37	-1,016	1,507	-1,166
271,88	-0,945	1,536	-1,134
272,40	-0,925	1,548	-1,118
272,90	-0,918	1,544	-1,104
273,41	-0,920	1,542	-1,104
273,92	-0,918	1,543	-1,106
274,42	-0,922	1,544	-1,102
274,93	-0,919	1,544	-1,094
275,44	-0,937	1,550	-1,100
275,96	-0,941	1,549	-1,088
276,48	-1,010	1,551	-1,157
276,98	-0,845	1,553	-1,158
277,50	-0,690	1,542	-1,124
278,00	-0,720	1,543	-1,136
278,50	-0,741	1,543	-1,141
279,01	-0,779	1,532	-1,165
279,52	-0,774	1,540	-1,157
280,03	-0,766	1,543	-1,162
280,53	-0,762	1,543	-1,166
281,03	-0,766	1,544	-1,167
281,53	-0,772	1,540	-1,170
282,05	-0,769	1,536	-1,170
282,55	-0,766	1,538	-1,168
283,06	-0,762	1,539	-1,168
283,56	-0,761	1,541	-1,170
284,08	-0,764	1,539	-1,167
284,58	-0,762	1,540	-1,164
285,09	-0,754	1,540	-1,161
285,60	-0,754	1,540	-1,158
286,10	-0,756	1,539	-1,158
286,62	-0,754	1,539	-1,162
287,13	-0,752	1,538	-1,162
287,63	-0,750	1,539	-1,160
288,14	-0,747	1,539	-1,156
288,64	-0,745	1,539	-1,149
289,15	-0,744	1,539	-1,150
289,66	-0,742	1,538	-1,153
290,16	-0,748	1,538	-1,155
290,66	-0,771	1,524	-1,154
291,16	-0,858	1,543	-1,185
291,67	-0,999	1,541	-1,207
292,18	-1,013	1,536	-1,152
292,68	-0,973	1,533	-1,103
293,19	-1,024	1,543	-1,139
293,69	-1,035	1,531	-1,174
294,21	-0,831	1,543	-1,137
294,72	-0,640	1,541	-1,077
295,22	-0,707	1,534	-1,086
295,73	-0,849	1,549	-1,149
296,25	-0,930	1,546	-1,166
296,75	-0,904	1,546	-1,150
297,26	-0,886	1,548	-1,131
297,76	-0,884	1,547	-1,121
298,27	-0,867	1,549	-1,124
298,77	-0,859	1,552	-1,126
299,27	-0,853	1,553	-1,128
299,78	-0,852	1,550	-1,130
300,28	-0,854	1,548	-1,129
300,78	-0,854	1,550	-1,125
301,28	-0,848	1,551	-1,122
301,80	-0,842	1,550	-1,121
302,30	-0,838	1,550	-1,125
302,81	-0,838	1,550	-1,129
303,33	-0,836	1,552	-1,114
303,84	-0,851	1,544	-1,117
304,34	-0,910	1,540	-1,152
304,85	-0,903	1,519	-1,146
305,35	-0,684	1,537	-1,131
305,85	-0,571	1,556	-1,135
306,37	-0,693	1,552	-1,148
306,88	-0,932	1,542	-1,194
307,40	-0,945	1,538	-1,177
307,90	-0,896	1,544	-1,142
308,41	-0,886	1,546	-1,119
308,91	-0,884	1,540	-1,100
309,42	-0,875	1,531	-1,079
309,92	-0,868	1,533	-1,068
310,42	-0,866	1,537	-1,072
310,94	-0,862	1,540	-1,074
311,45	-0,860	1,541	-1,079
311,95	-0,862	1,540	-1,078
312,46	-0,863	1,540	-1,089
312,98	-0,858	1,541	-1,094
313,48	-0,856	1,541	-1,096
313,98	-0,855	1,542	-1,097
314,49	-0,856	1,540	-1,088
314,99	-0,857	1,539	-1,081
315,49	-0,855	1,540	-1,087
316,01	-0,851	1,542	-1,097
316,51	-0,850	1,541	-1,090
317,01	-0,847	1,542	-1,088
317,52	-0,845	1,542	-1,090
318,03	-0,842	1,543	-1,092
318,53	-0,842	1,544	-1,094
319,05	-0,843	1,544	-1,105
319,56	-0,852	1,543	-1,103
320,06	-0,860	1,539	-1,095
320,58	-0,859	1,541	-1,078
321,09	-0,863	1,553	-1,071
321,59	-0,863	1,531	-1,075
322,10	-0,878	1,525	-1,099
322,60	-0,854	1,546	-1,131
323,12	-0,856	1,542	-1,146
323,63	-0,868	1,536	-1,160
324,13	-0,854	1,539	-1,136
324,65	-0,844	1,541	-1,124
325,16	-0,848	1,542	-1,115
325,66	-0,848	1,543	-1,105
326,17	-0,854	1,541	-1,097
326,69	-0,852	1,540	-1,099
327,20	-0,848	1,542	-1,114
327,70	-0,846	1,541	-1,114
328,21	-0,841	1,542	-1,119
328,71	-0,849	1,540	-1,130
329,21	-0,873	1,528	-1,149
329,72	-0,872	1,538	-1,153
330,23	-0,880	1,538	-1,160
330,74	-0,895	1,539	-1,174
331,25	-0,930	1,535	-1,187
331,76	-0,952	1,539	-1,194
332,28	-1,055	1,495	-1,259
332,79	-0,944	1,501	-1,267
333,30	-0,743	1,505	-1,212
333,80	-0,722	1,509	-1,211
334,30	-0,759	1,510	-1,207
334,81	-0,788	1,511	-1,231
335,32	-0,783	1,515	-1,210
335,83	-0,763	1,532	-1,196
336,33	-0,780	1,520	-1,206
336,84	-0,775	1,529	-1,206
337,35	-0,767	1,533	-1,206
337,85	-0,762	1,535	-1,210
338,37	-0,765	1,533	-1,216
338,87	-0,759	1,538	-1,209
339,37	-0,751	1,543	-1,200
339,88	-0,750	1,542	-1,197
340,40	-0,751	1,541	-1,197
340,90	-0,749	1,540	-1,200
341,41	-0,748	1,543	-1,201
341,92	-0,730	1,547	-1,185
342,42	-0,759	1,540	-1,189
342,94	-0,874	1,508	-1,210
343,45	-1,015	1,487	-1,202
343,95	-1,006	1,518	-1,189
344,46	-0,945	1,532	-1,162
344,98	-0,921	1,537	-1,140
345,48	-0,908	1,545	-1,126
345,98	-0,928	1,531	-1,135
346,49	-0,949	1,518	-1,156
346,99	-0,906	1,521	-1,122
347,49	-0,900	1,536	-1,121
348,01	-0,884	1,543	-1,121
348,52	-0,878	1,544	-1,108
349,04	-0,879	1,546	-1,107
349,54	-0,875	1,546	-1,116
350,04	-0,906	1,540	-1,099
350,54	-1,000	1,509	-1,163
351,05	-1,042	1,473	-1,272
351,57	-0,865	1,483	-1,247
352,07	-0,755	1,502	-1,240
352,58	-0,812	1,497	-1,260
353,08	-0,832	1,499	-1,290
353,58	-0,788	1,543	-1,316
354,08	-0,790	1,535	-1,340
354,60	-0,829	1,516	-1,370
355,10	-0,833	1,518	-1,380
355,60	-0,826	1,519	-1,380
356,12	-0,826	1,523	-1,390
356,62	-0,808	1,533	-1,435
357,13	-0,797	1,548	-1,326
357,65	-0,782	1,550	-1,294
358,15	-0,788	1,544	-1,295
358,65	-0,783	1,544	-1,294
359,15	-0,779	1,545	-1,292
359,66	-0,778	1,544	-1,291
360,17	-0,774	1,545	-1,294
360,67	-0,777	1,544	-1,298
361,19	-0,776	1,544	-1,299
361,69	-0,785	1,535	-1,289
362,20	-0,812	1,525	-1,294
362,70	-0,816	1,531	-1,323
363,20	-0,811	1,533	-1,321
363,71	-0,844	1,538	-1,334
364,21	-0,917	1,529	-1,291
364,73	-0,898	1,541	-1,113
365,23	-0,935	1,553	-1,101
365,74	-0,990	1,549	-1,119
366,26	-0,986	1,545	-1,129
366,76	-0,974	1,543	-1,120
367,27	-0,971	1,541	-1,108
367,77	-0,969	1,542	-1,102
368,27	-0,967	1,544	-1,105
368,78	-0,965	1,545	-1,103
369,30	-0,960	1,545	-1,102
369,81	-0,969	1,547	-1,108
370,33	-0,974	1,543	-1,111
370,84	-0,969	1,542	-1,115
371,34	-0,964	1,545	-1,115
371,85	-0,971	1,543	-1,109
372,35	-0,983	1,535	-1,083
372,85	-0,986	1,538	-1,089
373,37	-0,983	1,538	-1,095
373,87	-0,978	1,539	-1,097
374,37	-0,972	1,539	-1,101
374,87	-0,970	1,540	-1,105
375,38	-0,967	1,541	-1,107
375,88	-0,973	1,540	-1,109
376,38	-0,973	1,540	-1,106
376,89	-0,972	1,540	-1,104
377,40	-0,972	1,541	-1,104
377,90	-0,992	1,551	-1,118
378,42	-1,094	1,533	-1,173
378,93	-1,118	1,512	-1,211
379,43	-0,969	1,522	-1,208
379,93	-0,822	1,529	-1,192
380,44	-0,808	1,537	-1,201
380,94	-0,836	1,522	-1,224
381,46	-0,837	1,517	-1,227
381,96	-0,839	1,516	-1,240
382,49	-0,816	1,537	-1,217
383,01	-0,800	1,543	-1,197
383,52	-0,798	1,542	-1,195
384,02	-0,796	1,541	-1,198
384,52	-0,793	1,541	-1,196
385,03	-0,791	1,541	-1,194
385,55	-0,795	1,545	-1,195
386,06	-0,904	1,524	-1,146
386,56	-1,052	1,517	-1,160
387,07	-1,009	1,549	-1,152
387,58	-0,997	1,536	-1,076
388,08	-0,981	1,536	-1,075
388,59	-0,968	1,548	-1,090
389,09	-0,970	1,544	-1,086
389,60	-0,961	1,544	-1,090
390,12	-0,957	1,544	-1,099
390,62	-0,956	1,543	-1,096
391,13	-0,957	1,542	-1,091
391,63	-0,958	1,542	-1,085
392,13	-0,959	1,542	-1,080
392,64	-0,960	1,537	-1,082
393,16	-0,961	1,529	-1,083
393,66	-0,960	1,531	-1,089
394,17	-0,954	1,533	-1,087
394,69	-0,950	1,534	-1,092
395,20	-0,949	1,534	-1,094
395,71	-0,956	1,527	-1,091
396,21	-0,962	1,524	-1,088
396,71	-0,957	1,528	-1,095
397,23	-0,952	1,530	-1,096
397,73	-0,950	1,532	-1,099
398,24	-0,949	1,533	-1,103
398,74	-0,948	1,534	-1,106
399,25	-0,952	1,535	-1,104
399,75	-0,951	1,537	-1,104
400,26	-0,952	1,541	-1,099
400,77	-0,952	1,542	-1,095
401,28	-0,951	1,539	-1,093
401,78	-0,949	1,539	-1,090
402,30	-0,950	1,537	-1,087
402,81	-0,952	1,538	-1,087
403,34	-0,950	1,539	-1,087
403,84	-0,957	1,546	-1,093
404,36	-1,014	1,546	-1,107
404,86	-1,032	1,542	-1,115
405,37	-1,012	1,531	-1,148
405,91	-0,770	1,524	-1,149
406,42	-0,622	1,545	-1,157
406,92	-0,745	1,522	-1,228
407,43	-0,916	1,518	-1,286
407,93	-0,886	1,523	-1,237
408,44	-0,887	1,522	-1,238
408,94	-0,872	1,552	-1,236
409,44	-0,855	1,554	-1,230
409,95	-0,855	1,556	-1,239
410,46	-0,847	1,557	-1,221
410,98	-0,846	1,557	-1,199
411,49	-0,846	1,562	-1,165
412,01	-0,848	1,499	-1,005
412,51	-0,915	1,528	-1,055
413,02	-0,959	1,544	-1,144
413,53	-0,934	1,550	-1,142
414,03	-0,916	1,550	-1,141
414,55	-0,903	1,551	-1,136
415,05	-0,904	1,550	-1,130
415,57	-0,922	1,543	-1,121
416,07	-0,934	1,549	-1,109
416,57	-0,924	1,554	-1,116
417,08	-0,923	1,553	-1,107
417,60	-0,920	1,553	-1,098
418,11	-0,917	1,552	-1,093
418,61	-0,912	1,551	-1,091
419,12	-0,908	1,552	-1,094
419,64	-0,904	1,554	-1,095
420,14	-0,902	1,554	-1,099
420,65	-0,906	1,553	-1,097
421,16	-0,908	1,557	-1,089
421,66	-1,006	1,523	-1,171
422,16	-1,050	1,506	-1,213
422,67	-0,839	1,529	-1,208
423,19	-0,729	1,514	-1,241
423,70	-0,708	1,523	-1,226
424,21	-0,714	1,523	-1,231
424,71	-0,709	1,528	-1,237
425,23	-0,711	1,528	-1,241
425,74	-0,725	1,530	-1,240
426,25	-0,812	1,540	-1,220
426,76	-0,942	1,543	-1,206
427,28	-0,923	1,548	-1,174
427,79	-0,927	1,550	-1,134
428,29	-0,903	1,544	-1,090
428,79	-0,918	1,550	-1,115
429,30	-0,905	1,554	-1,117
429,80	-0,893	1,556	-1,117
430,31	-0,896	1,554	-1,118
430,82	-0,886	1,553	-1,135
431,32	-0,878	1,553	-1,141
431,82	-0,874	1,554	-1,142
432,33	-0,874	1,554	-1,136
432,84	-0,872	1,554	-1,132
433,35	-0,874	1,552	-1,124
433,87	-0,895	1,538	-1,129
434,37	-0,940	1,532	-1,155
434,88	-0,938	1,504	-1,173
435,39	-0,811	1,490	-1,198
435,89	-0,746	1,502	-1,229
436,41	-0,763	1,520	-1,236
436,92	-0,822	1,506	-1,243
437,42	-0,880	1,505	-1,249
437,92	-0,921	1,512	-1,244
438,42	-0,934	1,504	-1,238
438,92	-0,931	1,504	-1,236
439,44	-0,896	1,522	-1,220
439,95	-0,848	1,519	-1,206
440,46	-0,809	1,517	-1,184
440,98	-0,831	1,520	-1,181
441,49	-0,872	1,533	-1,214
442,01	-0,919	1,512	-1,299
442,52	-0,909	1,504	-1,294
443,03	-0,933	1,496	-1,295
443,55	-0,979	1,493	-1,316
444,05	-0,886	1,466	-1,218
444,56	-0,757	1,473	-1,205
445,07	-0,707	1,506	-1,201
445,58	-0,803	1,519	-1,173
446,09	-0,913	1,504	-1,269
446,60	-0,943	1,503	-1,288
447,10	-0,934	1,507	-1,369
447,60	-0,934	1,520	-1,318
448,12	-0,927	1,510	-1,254
448,62	-0,878	1,518	-1,209
449,12	-0,861	1,526	-1,207
449,63	-0,863	1,545	-1,240
450,14	-0,868	1,547	-1,249
450,64	-0,859	1,547	-1,235
451,16	-0,851	1,548	-1,240
451,66	-0,849	1,548	-1,246
452,18	-0,917	1,524	-1,285
452,69	-0,970	1,502	-1,290
453,21	-0,976	1,507	-1,263
453,72	-0,850	1,508	-1,206
454,23	-0,747	1,510	-1,202
454,75	-0,703	1,505	-1,212
455,25	-0,687	1,480	-1,214
455,76	-0,719	1,488	-1,173
456,26	-0,851	1,518	-1,186
456,76	-0,884	1,525	-1,231
457,29	-0,915	1,515	-1,277
457,80	-0,887	1,544	-1,242
458,30	-0,890	1,535	-1,265
458,81	-0,900	1,526	-1,290
459,31	-0,877	1,549	-1,256
459,81	-0,871	1,551	-1,243
460,31	-0,863	1,550	-1,221
460,83	-0,861	1,549	-1,215
461,33	-0,862	1,549	-1,211
461,83	-0,857	1,548	-1,216
462,34	-0,856	1,549	-1,217
462,84	-0,854	1,549	-1,214
463,35	-0,859	1,545	-1,211
463,87	-0,888	1,527	-1,230
464,37	-0,895	1,525	-1,246
464,88	-0,837	1,524	-1,172
465,40	-0,796	1,515	-1,147
465,91	-0,798	1,511	-1,147
466,41	-0,892	1,506	-1,202
466,92	-0,888	1,497	-1,203
467,42	-0,956	1,533	-1,227
467,94	-1,026	1,535	-1,265
468,45	-0,999	1,551	-1,274
468,95	-0,983	1,553	-1,262
469,46	-0,984	1,550	-1,241
469,97	-0,950	1,526	-1,166
470,47	-0,939	1,516	-1,138
470,97	-0,957	1,524	-1,138
471,47	-1,039	1,524	-1,184
471,97	-1,053	1,523	-1,233
472,48	-1,104	1,541	-1,257
472,99	-1,059	1,513	-1,205
473,50	-0,901	1,501	-1,218
474,01	-0,813	1,530	-1,295
474,53	-0,755	1,518	-1,306
475,03	-0,700	1,504	-1,316
475,54	-0,760	1,512	-1,312
476,05	-0,790	1,511	-1,329
476,56	-0,831	1,528	-1,346
477,06	-0,844	1,534	-1,345
477,56	-0,841	1,536	-1,341
478,06	-0,847	1,537	-1,338
478,56	-0,901	1,512	-1,273
479,06	-0,977	1,501	-1,193
479,56	-0,959	1,523	-1,216
480,06	-0,910	1,536	-1,255
480,56	-0,881	1,540	-1,274
481,06	-0,874	1,539	-1,278
481,58	-0,873	1,540	-1,281
482,09	-0,873	1,539	-1,287
482,60	-0,870	1,536	-1,287
483,12	-0,901	1,524	-1,302
483,63	-0,926	1,515	-1,321
484,13	-0,940	1,512	-1,325
484,63	-1,046	1,390	-1,105
485,14	-1,023	1,505	-1,187
485,64	-0,979	1,529	-1,255
486,16	-0,932	1,509	-1,183
486,66	-0,904	1,532	-1,207
487,17	-0,959	1,498	-1,238
487,69	-1,016	1,486	-1,262
488,20	-1,029	1,493	-1,270
488,71	-1,040	1,496	-1,292
489,23	-0,971	1,541	-1,207
489,74	-0,953	1,546	-1,202
490,26	-0,945	1,552	-1,197
490,76	-0,948	1,555	-1,204
491,26	-0,948	1,552	-1,201
491,78	-0,917	1,516	-1,117
492,28	-0,918	1,512	-1,109
492,78	-0,988	1,544	-1,165
493,29	-0,983	1,545	-1,182
493,80	-0,994	1,525	-1,195
494,31	-0,984	1,537	-1,182
494,82	-0,970	1,546	-1,183
495,33	-0,969	1,552	-1,175
495,86	-0,964	1,550	-1,166
496,37	-0,961	1,548	-1,151
496,88	-0,957	1,549	-1,149
497,39	-0,949	1,549	-1,148
497,89	-0,946	1,549	-1,150
498,39	-0,949	1,548	-1,149
498,91	-0,954	1,547	-1,150
499,41	-0,956	1,548	-1,152
499,92	-0,962	1,545	-1,148
500,42	-1,015	1,509	-1,168
500,94	-1,177	1,494	-1,268
501,45	-1,330	1,469	-1,265
501,96	-1,409	1,448	-1,140
502,48	-1,731	1,364	-1,088
502,99	-1,900	1,263	-1,077
503,49	-1,959	1,154	-1,057
504,00	-1,990	1,107	-1,053
504,52	-2,001	1,106	-1,068
505,02	-1,959	1,223	-1,077
505,52	-1,710	1,437	-1,129
506,02	-1,268	1,495	-1,175
506,53	-1,175	1,492	-1,147
507,03	-1,179	1,465	-1,045
507,53	-1,011	1,437	-0,926
508,03	-1,021	1,396	-0,730
508,55	-1,030	1,212	-0,551
509,06	-1,036	0,846	-0,458
509,56	-1,031	0,622	-0,447
510,08	-1,021	0,579	-0,455
510,59	-1,027	0,595	-0,468
511,09	-1,010	0,635	-0,480
511,60	-1,013	0,794	-0,552
512,10	-1,014	0,831	-0,581
512,62	-0,903	0,802	-0,572
513,12	-1,020	0,835	-0,596
513,62	-1,078	0,831	-0,617
514,13	-1,214	1,206	-0,677
514,64	-1,189	1,378	-0,800
515,14	-1,327	1,391	-0,904
515,66	-1,573	1,339	-0,907
516,17	-1,903	1,186	-0,876
516,67	-2,041	1,062	-0,865
517,17	-1,992	1,116	-0,878
517,67	-1,668	1,394	-0,955
518,19	-1,330	1,489	-1,066
518,70	-1,289	1,395	-1,127
519,20	-1,217	1,424	-1,179
519,71	-1,149	1,463	-1,198
520,23	-0,983	1,444	-1,243
520,73	-0,793	1,466	-1,094
521,24	-0,608	1,470	-1,080
521,74	-0,446	1,469	-1,063
522,26	-0,400	1,458	-0,923
522,76	-0,320	1,425	-0,844
523,26	-0,090	1,339	-0,701
523,76	0,098	1,205	-0,620
524,26	0,212	1,128	-0,589
524,76	0,218	1,127	-0,587
525,27	0,214	1,128	-0,587
525,77	0,211	1,134	-0,591
526,28	0,207	1,139	-0,593
526,80	0,192	1,185	-0,603
527,30	-0,002	1,397	-0,692
527,80	-0,481	1,453	-1,003
528,31	-0,747	1,448	-1,118
528,83	-1,047	1,441	-1,003
529,33	-1,341	1,406	-1,040
529,84	-1,551	1,364	-1,045
530,34	-1,789	1,211	-0,998
530,85	-1,933	1,132	-0,996
531,37	-2,053	1,011	-1,017
531,87	-1,984	1,155	-1,000
532,38	-1,483	1,457	-1,027
532,89	-1,063	1,517	-1,172
533,39	-0,976	1,511	-1,132
533,89	-1,039	1,496	-0,973
534,41	-0,985	1,535	-1,031
534,91	-0,966	1,532	-1,141
535,41	-0,989	1,526	-1,188
535,92	-0,909	1,529	-1,016
536,44	-0,936	1,527	-0,987
536,94	-0,963	1,498	-1,006
537,45	-0,977	1,491	-0,960
537,96	-1,014	1,515	-0,857
538,48	-0,867	1,520	-0,829
538,98	-0,698	1,525	-0,807
539,49	-0,707	1,534	-0,832
540,00	-0,709	1,522	-0,831
540,52	-0,611	1,488	-0,929
541,02	-0,582	1,525	-1,046
541,52	-0,612	1,535	-1,072
542,03	-0,619	1,524	-1,084
542,53	-0,631	1,510	-1,072
543,03	-0,638	1,506	-1,058
543,55	-0,631	1,488	-1,036
544,05	-0,641	1,296	-0,863
544,55	-0,667	0,753	-0,742
545,06	-0,659	0,720	-0,701
545,56	-0,738	1,299	-0,850
546,08	-0,794	1,482	-1,176
546,59	-0,840	1,483	-1,263
547,09	-0,869	1,510	-1,074
547,60	-0,811	1,517	-0,954
548,12	-0,790	1,484	-0,858
548,62	-0,684	1,474	-0,642
549,12	-0,660	1,475	-0,350
549,62	-0,571	1,482	-0,142
550,13	-0,517	1,487	0,023
550,64	-0,396	1,480	0,130
551,16	-0,190	1,419	0,124
551,66	-0,167	1,414	0,156
552,17	-0,226	1,468	0,240
552,68	-0,310	1,453	0,502
553,19	-0,306	1,333	0,701
553,70	-0,279	1,252	0,786
554,21	-0,260	1,312	0,767
554,73	-0,313	1,493	0,523
555,23	-0,432	1,480	0,050
555,74	-0,669	1,474	-0,230
556,24	-0,911	1,471	-0,588
556,74	-0,942	1,484	-0,821
557,24	-1,158	1,471	-1,061
557,76	-1,107	1,528	-1,123
558,26	-1,042	1,532	-1,148
558,77	-0,979	1,521	-1,175
559,28	-0,965	1,516	-1,199
559,78	-0,964	1,518	-1,200
560,28	-1,035	1,520	-1,158
560,78	-1,248	1,475	-1,256
561,30	-1,521	1,436	-1,279
561,80	-1,761	1,337	-1,126
562,30	-1,924	1,217	-1,123
562,81	-1,920	1,238	-1,135
563,32	-1,811	1,386	-1,280
563,82	-1,560	1,489	-1,295
564,34	-1,168	1,494	-1,432
564,85	-1,040	1,492	-1,482
565,35	-1,026	1,496	-1,473
565,87	-1,026	1,503	-1,482
566,37	-1,034	1,506	-1,485
566,87	-1,252	1,491	-1,502
567,38	-1,405	1,460	-1,619
567,88	-1,526	1,448	-1,648
568,38	-1,514	1,456	-1,449
568,88	-1,572	1,463	-1,387
569,39	-1,760	1,410	-1,469
569,89	-1,804	1,405	-1,451
570,40	-1,563	1,489	-1,358
570,91	-1,306	1,511	-1,364
571,42	-1,185	1,504	-1,219
571,92	-1,058	1,512	-0,925
572,44	-0,772	1,489	-0,739
572,95	-0,557	1,464	-0,461
573,45	-0,267	1,385	-0,047
573,96	-0,265	1,410	-0,025
574,46	-0,473	1,496	-0,328
574,96	-0,792	1,505	-0,679
575,48	-1,173	1,455	-1,114
575,98	-1,438	1,424	-1,209
576,49	-1,693	1,408	-1,201
576,99	-1,839	1,399	-1,256
577,50	-1,768	1,407	-1,166
578,00	-1,768	1,315	-1,100
578,51	-1,620	1,462	-1,168
579,02	-1,497	1,520	-1,310
579,52	-1,280	1,516	-1,417
580,02	-1,106	1,489	-1,385
580,53	-0,838	1,498	-1,283
581,05	-0,563	1,503	-1,286
581,55	-0,345	1,494	-1,192
582,06	-0,137	1,482	-1,079
582,57	0,144	1,482	-1,053
583,09	0,313	1,477	-1,003
583,59	0,599	1,432	-0,770
584,10	0,825	1,350	-0,590
584,60	0,829	1,388	-0,600
585,12	0,563	1,494	-0,855
585,63	0,187	1,512	-1,115
586,13	-0,200	1,499	-1,342
586,64	-0,495	1,470	-1,341
587,14	-0,866	1,484	-1,273
587,64	-1,317	1,431	-1,223
588,16	-1,513	1,377	-1,134
588,66	-1,741	1,277	-0,993
589,17	-1,766	1,229	-0,966
589,69	-1,655	1,365	-0,994
590,19	-1,252	1,500	-1,209
590,70	-0,970	1,484	-1,248
591,21	-0,659	1,481	-1,081
591,71	-0,420	1,488	-1,058
592,23	-0,130	1,376	-0,815
592,74	0,008	1,287	-0,727
593,24	-0,157	1,448	-0,905
593,76	-0,509	1,523	-1,185
594,26	-0,964	1,475	-1,394
594,77	-1,231	1,456	-1,354
595,27	-1,469	1,440	-1,169
595,78	-1,776	1,356	-1,066
596,30	-1,829	1,317	-1,027
596,81	-1,733	1,404	-1,203
597,32	-1,699	1,446	-1,368
597,82	-1,906	1,444	-1,431
598,32	-1,749	1,515	-1,486
598,82	-1,690	1,516	-1,506
599,34	-1,687	1,515	-1,482
599,85	-1,851	1,445	-1,489
600,37	-1,945	1,440	-1,503
600,88	-2,208	1,244	-1,454
601,39	-2,226	1,243	-1,426
601,90	-1,994	1,471	-1,432
602,40	-1,890	1,509	-1,470
602,91	-1,667	1,502	-1,403
603,42	-1,357	1,504	-1,239
603,94	-1,133	1,497	-0,910
604,45	-0,817	1,482	-0,702
604,95	-0,616	1,452	-0,470
605,45	-0,473	1,402	-0,146
605,95	-0,488	1,452	-0,200
606,46	-0,610	1,498	-0,525
606,98	-0,869	1,498	-0,898
607,49	-1,082	1,484	-1,262
607,99	-1,366	1,457	-1,298
608,50	-1,688	1,448	-1,320
609,02	-2,121	1,353	-1,353
609,52	-2,208	1,302	-1,342
610,03	-2,222	1,280	-1,342
610,53	-2,128	1,375	-1,334
611,05	-1,814	1,512	-1,375
611,55	-1,560	1,497	-1,336
612,05	-1,369	1,453	-1,098
612,56	-1,120	1,468	-0,764
613,07	-0,872	1,441	-0,486
613,59	-0,869	1,336	-0,057
614,09	-0,857	1,242	0,159
614,60	-0,858	1,398	-0,063
615,10	-0,920	1,499	-0,574
615,62	-1,104	1,467	-1,014
616,13	-1,303	1,460	-1,219
616,64	-1,557	1,453	-1,172
617,16	-1,910	1,386	-1,198
617,67	-2,093	1,307	-1,202
618,18	-2,014	1,359	-1,246
618,69	-1,786	1,447	-1,268
619,20	-1,535	1,500	-1,326
619,70	-1,410	1,493	-1,229
620,21	-1,224	1,490	-0,950
620,73	-0,843	1,478	-0,745
621,24	-0,584	1,426	-0,403
621,76	-0,443	1,401	-0,190
622,26	-0,502	1,462	-0,368
622,76	-0,562	1,481	-0,614
623,27	-0,803	1,501	-0,844
623,78	-1,057	1,502	-1,144
624,28	-1,312	1,466	-1,133
624,80	-1,540	1,478	-1,126
625,31	-1,690	1,521	-1,212
625,82	-1,527	1,542	-1,304
626,32	-1,269	1,537	-1,341
626,84	-1,273	1,502	-1,377
627,34	-1,352	1,483	-1,422
627,84	-1,518	1,431	-1,268
628,34	-1,889	1,238	-0,979
628,84	-1,833	1,335	-0,984
629,34	-1,321	1,513	-1,276
629,84	-1,072	1,507	-1,348
630,35	-0,907	1,504	-1,100
630,85	-0,633	1,484	-0,860
631,37	-0,495	1,454	-0,464
631,88	-0,446	1,434	-0,176
632,39	-0,515	1,488	-0,305
632,89	-0,647	1,524	-0,661
633,41	-0,844	1,525	-0,933
633,91	-1,136	1,486	-1,267
634,42	-1,329	1,458	-1,257
634,94	-1,545	1,456	-1,143
635,45	-1,803	1,430	-1,184
635,95	-1,849	1,462	-1,208
636,46	-1,618	1,538	-1,256
636,98	-1,427	1,539	-1,288
637,48	-1,437	1,541	-1,337
637,99	-1,400	1,522	-1,331
638,50	-1,402	1,515	-1,342
639,00	-1,427	1,508	-1,344
639,52	-1,439	1,508	-1,337
640,02	-1,478	1,518	-1,335
640,53	-1,558	1,526	-1,362
641,05	-1,632	1,505	-1,367
641,56	-1,469	1,524	-1,329
642,06	-1,317	1,517	-1,351
642,57	-1,199	1,504	-1,280
643,07	-1,267	1,503	-1,184
643,59	-1,257	1,507	-1,155
644,10	-1,221	1,511	-1,171
644,61	-1,142	1,532	-1,206
645,11	-1,106	1,528	-1,265
645,61	-1,117	1,522	-1,329
646,13	-1,090	1,516	-1,276
646,64	-1,134	1,534	-1,139
647,14	-1,173	1,666	-1,114
647,66	-1,105	1,730	-1,016
648,16	-1,085	1,649	-0,826
Session ended: 20-05-2026 10:51:58
