Time(s)	X	Y	Z
2,97	-0,720	-0,425	-1,230
3,47	-0,720	-0,425	-1,230
3,99	-1,320	1,375	-0,399
4,49	-0,719	1,373	-1,231
5,00	-0,721	1,375	-1,234
5,50	-0,726	1,375	-1,232
6,00	-0,764	1,376	-1,238
6,50	-0,799	1,372	-1,258
7,00	-0,782	1,365	-1,292
7,51	-0,766	1,363	-1,309
8,01	-0,736	1,366	-1,297
8,53	-0,703	1,362	-1,283
9,04	-0,761	1,370	-1,335
9,54	-0,805	1,359	-1,344
10,04	-0,825	1,340	-1,348
10,55	-0,826	1,334	-1,341
11,05	-0,816	1,334	-1,343
11,55	-0,789	1,357	-1,315
12,07	-0,768	1,366	-1,296
12,57	-0,764	1,366	-1,285
13,07	-0,757	1,360	-1,300
13,58	-0,754	1,362	-1,306
14,08	-0,789	1,305	-1,295
14,60	-0,783	1,254	-1,300
15,10	-0,782	1,357	-1,298
15,60	-0,767	1,379	-1,296
16,11	-0,782	1,374	-1,300
16,61	-0,789	1,369	-1,293
17,12	-0,791	1,368	-1,289
17,62	-0,788	1,369	-1,289
18,12	-0,779	1,368	-1,284
18,64	-0,787	1,359	-1,288
19,15	-0,785	1,382	-1,300
19,65	-0,791	1,367	-1,307
20,17	-0,785	1,370	-1,310
20,68	-0,745	1,376	-1,274
21,18	-0,733	1,371	-1,255
21,69	-0,746	1,366	-1,258
22,19	-0,777	1,359	-1,279
22,71	-0,779	1,365	-1,289
23,22	-0,782	1,368	-1,290
23,73	-0,775	1,367	-1,286
24,23	-0,773	1,367	-1,284
24,75	-0,775	1,368	-1,296
25,26	-0,774	1,367	-1,302
25,76	-0,778	1,367	-1,303
26,27	-0,796	1,371	-1,378
26,79	-0,753	1,369	-1,440
27,29	-0,707	1,363	-1,463
27,80	-0,762	1,372	-1,458
28,30	-0,809	1,376	-1,334
28,80	-0,759	1,375	-1,244
29,32	-0,711	1,372	-1,215
29,83	-0,784	1,367	-1,253
30,35	-0,786	1,368	-1,274
30,86	-0,798	1,366	-1,285
31,36	-0,794	1,366	-1,291
31,86	-0,790	1,367	-1,296
32,36	-0,778	1,367	-1,292
32,86	-0,771	1,367	-1,298
33,36	-0,772	1,367	-1,305
33,87	-0,775	1,394	-1,338
34,37	-0,809	1,357	-1,344
34,87	-0,777	1,376	-1,322
35,37	-0,781	1,373	-1,293
35,89	-0,773	1,378	-1,287
36,39	-0,777	1,375	-1,290
36,89	-0,771	1,373	-1,296
37,39	-0,772	1,367	-1,303
37,90	-0,778	1,356	-1,316
38,41	-0,773	1,359	-1,318
38,92	-0,769	1,363	-1,309
39,43	-0,771	1,364	-1,300
39,94	-0,777	1,366	-1,287
40,46	-0,796	1,365	-1,270
40,96	-0,819	1,359	-1,254
41,47	-0,820	1,376	-1,255
41,97	-0,813	1,371	-1,256
42,48	-0,800	1,368	-1,261
43,00	-0,776	1,369	-1,277
43,50	-0,771	1,370	-1,286
44,01	-0,763	1,373	-1,291
44,53	-0,778	1,367	-1,280
45,03	-0,780	1,365	-1,265
45,54	-0,779	1,365	-1,258
46,05	-0,776	1,365	-1,263
46,57	-0,782	1,316	-1,264
47,07	-0,777	1,276	-1,272
47,57	-0,747	1,307	-1,286
48,07	-0,729	1,339	-1,301
48,58	-0,728	1,351	-1,309
49,08	-0,743	1,343	-1,301
49,58	-0,749	1,348	-1,301
50,10	-0,741	1,351	-1,303
50,61	-0,736	1,351	-1,308
51,11	-0,734	1,351	-1,311
51,61	-0,735	1,352	-1,315
52,12	-0,735	1,351	-1,317
52,64	-0,736	1,350	-1,316
53,15	-0,733	1,354	-1,319
53,67	-0,726	1,343	-1,318
54,18	-0,725	1,340	-1,319
54,69	-0,723	1,344	-1,319
55,19	-0,726	1,344	-1,317
55,69	-0,719	1,343	-1,317
56,21	-0,719	1,348	-1,315
56,72	-0,722	1,349	-1,314
57,23	-0,724	1,349	-1,310
57,73	-0,725	1,351	-1,311
58,24	-0,725	1,352	-1,311
58,74	-0,729	1,356	-1,310
59,25	-0,730	1,368	-1,319
59,76	-0,731	1,368	-1,319
60,27	-0,735	1,368	-1,326
60,79	-0,734	1,367	-1,326
61,30	-0,736	1,361	-1,325
61,81	-0,741	1,362	-1,320
62,31	-0,747	1,362	-1,316
62,82	-0,763	1,365	-1,318
63,32	-0,760	1,364	-1,300
63,82	-0,735	1,354	-1,315
64,34	-0,708	1,346	-1,330
64,85	-0,703	1,349	-1,333
65,45	-0,701	1,348	-1,333
65,96	-0,709	1,349	-1,327
66,47	-0,711	1,350	-1,323
66,97	-0,710	1,349	-1,314
67,47	-0,734	1,353	-1,314
67,98	-0,738	1,353	-1,299
68,50	-0,748	1,354	-1,295
69,00	-0,788	1,372	-1,269
69,51	-0,817	1,360	-1,260
70,03	-0,803	1,356	-1,281
70,53	-0,775	1,364	-1,275
71,04	-0,770	1,363	-1,273
71,54	-0,766	1,363	-1,270
72,04	-0,761	1,365	-1,274
72,55	-0,762	1,366	-1,275
73,07	-0,756	1,364	-1,288
73,58	-0,737	1,357	-1,296
74,09	-0,730	1,354	-1,296
74,59	-0,730	1,353	-1,297
75,10	-0,742	1,362	-1,301
75,60	-0,765	1,367	-1,289
76,11	-0,766	1,369	-1,280
76,61	-0,766	1,365	-1,284
77,12	-0,772	1,362	-1,282
77,64	-0,769	1,361	-1,279
78,14	-0,760	1,362	-1,286
78,64	-0,759	1,363	-1,292
79,15	-0,756	1,364	-1,293
79,67	-0,757	1,364	-1,295
80,17	-0,755	1,363	-1,298
80,68	-0,758	1,362	-1,296
81,19	-0,763	1,364	-1,289
81,71	-0,765	1,364	-1,283
82,21	-0,768	1,362	-1,279
82,71	-0,777	1,359	-1,278
83,21	-0,786	1,355	-1,278
83,72	-0,787	1,353	-1,273
84,23	-0,780	1,364	-1,276
84,73	-0,768	1,357	-1,290
85,25	-0,759	1,369	-1,301
85,76	-0,751	1,369	-1,302
86,26	-0,737	1,370	-1,296
86,77	-0,741	1,369	-1,290
87,28	-0,754	1,368	-1,285
87,78	-0,772	1,365	-1,282
88,29	-0,769	1,379	-1,293
88,79	-0,751	1,365	-1,289
89,30	-0,762	1,379	-1,307
89,82	-0,769	1,377	-1,291
90,32	-0,776	1,376	-1,284
90,82	-0,797	1,356	-1,290
91,32	-0,796	1,358	-1,303
91,83	-0,798	1,355	-1,308
92,33	-0,803	1,355	-1,321
92,83	-0,788	1,360	-1,325
93,35	-0,775	1,360	-1,306
93,86	-0,772	1,355	-1,289
94,36	-0,780	1,351	-1,278
94,87	-0,798	1,345	-1,262
95,37	-0,805	1,341	-1,254
95,87	-0,807	1,339	-1,250
96,39	-0,799	1,341	-1,253
96,89	-0,786	1,357	-1,264
97,40	-0,759	1,383	-1,298
97,91	-0,759	1,381	-1,300
98,43	-0,766	1,363	-1,295
98,93	-0,758	1,376	-1,301
99,44	-0,757	1,366	-1,294
99,96	-0,765	1,336	-1,283
100,46	-0,769	1,352	-1,294
100,97	-0,759	1,374	-1,296
101,47	-0,781	1,373	-1,285
101,97	-0,799	1,367	-1,273
102,47	-0,807	1,371	-1,258
102,98	-0,803	1,370	-1,261
103,50	-0,781	1,371	-1,283
104,00	-0,754	1,380	-1,299
104,50	-0,753	1,372	-1,296
105,01	-0,746	1,372	-1,309
105,51	-0,739	1,380	-1,320
106,03	-0,745	1,375	-1,315
106,54	-0,749	1,371	-1,308
107,04	-0,742	1,370	-1,298
107,55	-0,750	1,366	-1,290
108,07	-0,761	1,365	-1,281
108,57	-0,769	1,365	-1,275
109,08	-0,771	1,367	-1,280
109,58	-0,776	1,365	-1,284
110,08	-0,782	1,365	-1,283
110,59	-0,801	1,349	-1,297
111,09	-0,808	1,345	-1,325
111,61	-0,801	1,345	-1,321
112,12	-0,766	1,356	-1,275
112,62	-0,765	1,357	-1,274
113,12	-0,772	1,358	-1,277
113,64	-0,779	1,356	-1,279
114,14	-0,778	1,359	-1,286
114,64	-0,763	1,362	-1,298
115,14	-0,743	1,355	-1,306
115,65	-0,725	1,354	-1,316
116,16	-0,720	1,357	-1,325
116,67	-0,717	1,357	-1,328
117,18	-0,716	1,357	-1,328
117,68	-0,717	1,357	-1,327
118,18	-0,716	1,357	-1,327
118,68	-0,715	1,357	-1,326
119,18	-0,718	1,356	-1,324
119,68	-0,733	1,363	-1,320
120,19	-0,763	1,366	-1,300
120,70	-0,772	1,373	-1,279
121,21	-0,792	1,371	-1,273
121,71	-0,795	1,369	-1,265
122,23	-0,785	1,373	-1,276
122,74	-0,783	1,378	-1,295
123,24	-0,776	1,378	-1,306
123,74	-0,778	1,376	-1,298
124,25	-0,775	1,374	-1,292
124,75	-0,780	1,373	-1,289
125,25	-0,782	1,372	-1,282
125,77	-0,779	1,368	-1,277
126,27	-0,777	1,367	-1,274
126,77	-0,772	1,370	-1,278
127,27	-0,773	1,370	-1,281
127,78	-0,779	1,369	-1,279
128,29	-0,784	1,370	-1,277
128,79	-0,789	1,372	-1,275
129,29	-0,789	1,370	-1,281
129,80	-0,786	1,369	-1,287
130,32	-0,779	1,368	-1,290
130,83	-0,772	1,367	-1,289
131,33	-0,764	1,371	-1,294
131,84	-0,763	1,375	-1,298
132,35	-0,761	1,377	-1,288
132,86	-0,770	1,377	-1,288
133,36	-0,767	1,376	-1,297
133,87	-0,774	1,375	-1,291
134,39	-0,798	1,371	-1,279
134,89	-0,832	1,354	-1,254
135,40	-0,852	1,367	-1,243
135,90	-0,850	1,366	-1,249
136,40	-0,833	1,358	-1,257
136,91	-0,835	1,348	-1,257
137,43	-0,847	1,342	-1,253
137,93	-0,852	1,337	-1,242
138,44	-0,841	1,339	-1,243
138,96	-0,825	1,343	-1,248
139,47	-0,804	1,353	-1,268
139,98	-0,794	1,360	-1,284
140,48	-0,759	1,394	-1,314
141,00	-0,731	1,373	-1,319
141,51	-0,720	1,400	-1,315
142,01	-0,740	1,382	-1,290
142,51	-0,750	1,390	-1,299
143,02	-0,775	1,385	-1,305
143,53	-0,769	1,380	-1,288
144,04	-0,764	1,376	-1,279
144,55	-0,756	1,372	-1,275
145,05	-0,752	1,373	-1,274
145,57	-0,756	1,371	-1,275
146,07	-0,763	1,386	-1,281
146,58	-0,776	1,366	-1,271
147,08	-0,769	1,380	-1,281
147,58	-0,752	1,382	-1,293
148,09	-0,748	1,379	-1,295
148,61	-0,746	1,375	-1,292
149,11	-0,748	1,366	-1,309
149,62	-0,740	1,359	-1,324
150,12	-0,744	1,358	-1,329
150,63	-0,748	1,357	-1,324
151,14	-0,755	1,356	-1,320
151,64	-0,767	1,369	-1,295
152,15	-0,786	1,368	-1,296
152,66	-0,792	1,371	-1,288
153,18	-0,808	1,370	-1,277
153,68	-0,796	1,376	-1,279
154,19	-0,793	1,372	-1,277
154,71	-0,780	1,368	-1,285
155,21	-0,763	1,369	-1,290
155,72	-0,751	1,370	-1,294
156,22	-0,745	1,369	-1,297
156,72	-0,747	1,368	-1,296
157,23	-0,752	1,368	-1,290
157,75	-0,752	1,369	-1,280
158,25	-0,730	1,380	-1,275
158,75	-0,725	1,381	-1,273
159,26	-0,726	1,378	-1,264
159,76	-0,724	1,375	-1,255
160,26	-0,722	1,373	-1,252
160,77	-0,747	1,372	-1,262
161,29	-0,774	1,372	-1,315
161,79	-0,764	1,376	-1,331
162,29	-0,753	1,364	-1,321
162,80	-0,726	1,359	-1,326
163,30	-0,713	1,362	-1,327
163,82	-0,718	1,363	-1,332
164,33	-0,724	1,363	-1,331
164,83	-0,727	1,364	-1,332
165,34	-0,727	1,363	-1,332
165,86	-0,723	1,363	-1,332
166,36	-0,724	1,363	-1,332
166,86	-0,727	1,363	-1,331
167,37	-0,726	1,363	-1,333
167,89	-0,727	1,363	-1,331
168,39	-0,731	1,364	-1,327
168,93	-0,764	1,371	-1,316
169,43	-0,765	1,376	-1,278
169,94	-0,786	1,376	-1,270
170,45	-0,802	1,380	-1,262
170,95	-0,786	1,373	-1,283
171,46	-0,783	1,362	-1,317
171,97	-0,796	1,353	-1,314
172,48	-0,782	1,360	-1,295
172,98	-0,782	1,369	-1,275
173,49	-0,809	1,370	-1,258
174,02	-0,820	1,371	-1,250
174,53	-0,819	1,372	-1,245
175,04	-0,809	1,371	-1,263
175,55	-0,796	1,373	-1,285
176,05	-0,795	1,371	-1,294
176,55	-0,807	1,370	-1,295
177,05	-0,827	1,363	-1,332
177,57	-0,826	1,371	-1,342
178,07	-0,789	1,358	-1,292
178,57	-0,793	1,380	-1,330
179,08	-0,792	1,375	-1,367
179,59	-0,787	1,370	-1,389
180,09	-0,791	1,360	-1,346
180,61	-0,793	1,341	-1,288
181,12	-0,822	1,321	-1,262
181,62	-0,827	1,316	-1,245
182,14	-0,818	1,321	-1,220
182,64	-0,812	1,326	-1,201
183,15	-0,812	1,327	-1,196
183,66	-0,794	1,333	-1,210
184,16	-0,757	1,345	-1,217
184,66	-0,735	1,352	-1,228
185,18	-0,725	1,354	-1,234
185,68	-0,712	1,356	-1,241
186,18	-0,721	1,357	-1,260
186,68	-0,737	1,357	-1,270
187,19	-0,731	1,356	-1,254
187,69	-0,731	1,355	-1,242
188,19	-0,730	1,354	-1,235
188,71	-0,729	1,354	-1,233
189,21	-0,726	1,353	-1,235
189,72	-0,727	1,354	-1,241
190,23	-0,721	1,398	-1,271
190,75	-0,741	1,375	-1,256
191,25	-0,759	1,394	-1,260
191,76	-0,783	1,379	-1,246
192,27	-0,795	1,371	-1,253
192,78	-0,794	1,371	-1,272
193,29	-0,755	1,361	-1,297
193,79	-0,711	1,348	-1,318
194,30	-0,710	1,343	-1,324
194,82	-0,713	1,340	-1,325
195,32	-0,708	1,346	-1,332
195,82	-0,710	1,374	-1,325
196,33	-0,736	1,372	-1,305
196,84	-0,742	1,368	-1,299
197,34	-0,758	1,367	-1,300
197,86	-0,777	1,366	-1,292
198,36	-0,802	1,370	-1,292
198,86	-0,799	1,376	-1,294
199,36	-0,765	1,380	-1,307
199,87	-0,760	1,381	-1,315
200,39	-0,764	1,379	-1,321
200,89	-0,766	1,378	-1,318
201,40	-0,764	1,377	-1,317
201,90	-0,763	1,378	-1,314
202,40	-0,766	1,376	-1,312
202,90	-0,768	1,375	-1,315
203,41	-0,770	1,374	-1,319
203,93	-0,771	1,373	-1,322
204,43	-0,771	1,373	-1,322
204,94	-0,772	1,373	-1,325
205,44	-0,769	1,373	-1,327
205,94	-0,764	1,373	-1,331
206,46	-0,762	1,373	-1,336
206,96	-0,762	1,374	-1,341
207,46	-0,761	1,374	-1,336
207,97	-0,760	1,376	-1,324
208,47	-0,764	1,374	-1,315
208,97	-0,771	1,373	-1,314
209,47	-0,777	1,372	-1,310
209,98	-0,770	1,374	-1,292
210,48	-0,764	1,380	-1,274
211,00	-0,784	1,372	-1,262
211,51	-0,804	1,357	-1,251
212,01	-0,851	1,334	-1,225
212,51	-0,898	1,298	-1,205
213,02	-0,913	1,291	-1,203
213,52	-0,918	1,287	-1,197
214,04	-0,901	1,291	-1,204
214,54	-0,822	1,350	-1,257
215,04	-0,771	1,371	-1,296
215,54	-0,779	1,368	-1,293
216,04	-0,784	1,363	-1,297
216,55	-0,773	1,362	-1,324
217,05	-0,734	1,356	-1,335
217,55	-0,700	1,355	-1,360
218,07	-0,700	1,358	-1,357
218,57	-0,710	1,360	-1,350
219,08	-0,723	1,360	-1,341
219,59	-0,731	1,357	-1,331
220,09	-0,728	1,358	-1,331
220,59	-0,731	1,359	-1,329
221,11	-0,734	1,359	-1,327
221,62	-0,733	1,358	-1,331
222,13	-0,733	1,358	-1,342
222,63	-0,758	1,373	-1,353
223,14	-0,776	1,372	-1,311
223,64	-0,780	1,367	-1,309
224,16	-0,795	1,359	-1,304
224,66	-0,806	1,354	-1,289
225,16	-0,813	1,361	-1,282
225,67	-0,808	1,359	-1,283
226,18	-0,789	1,360	-1,290
226,69	-0,786	1,360	-1,286
227,20	-0,789	1,364	-1,277
227,71	-0,789	1,359	-1,274
228,21	-0,783	1,341	-1,322
228,71	-0,765	1,337	-1,350
229,22	-0,766	1,339	-1,342
229,73	-0,770	1,343	-1,324
230,23	-0,776	1,342	-1,334
230,75	-0,772	1,344	-1,321
231,25	-0,763	1,347	-1,304
231,75	-0,762	1,350	-1,303
232,25	-0,764	1,350	-1,299
232,75	-0,768	1,350	-1,296
233,25	-0,770	1,349	-1,286
233,76	-0,769	1,355	-1,266
234,27	-0,754	1,378	-1,252
234,79	-0,760	1,372	-1,242
235,30	-0,751	1,356	-1,242
235,80	-0,746	1,352	-1,239
236,30	-0,790	1,363	-1,284
236,82	-0,840	1,351	-1,317
237,33	-0,829	1,356	-1,327
237,83	-0,788	1,371	-1,298
238,34	-0,749	1,372	-1,295
238,86	-0,739	1,366	-1,295
239,36	-0,706	1,369	-1,249
239,87	-0,726	1,371	-1,256
240,39	-0,761	1,371	-1,272
240,90	-0,786	1,370	-1,289
241,41	-0,808	1,370	-1,294
241,91	-0,816	1,390	-1,308
242,41	-0,821	1,377	-1,295
242,93	-0,779	1,377	-1,280
243,43	-0,743	1,376	-1,262
243,94	-0,733	1,372	-1,255
244,45	-0,753	1,373	-1,259
244,95	-0,787	1,375	-1,271
245,46	-0,820	1,377	-1,293
245,97	-0,843	1,377	-1,307
246,47	-0,846	1,378	-1,312
246,98	-0,824	1,377	-1,306
247,48	-0,790	1,377	-1,296
248,00	-0,764	1,375	-1,279
248,50	-0,753	1,372	-1,268
249,00	-0,770	1,373	-1,276
249,51	-0,801	1,372	-1,292
250,02	-0,824	1,371	-1,297
250,53	-0,828	1,363	-1,276
251,04	-0,779	1,368	-1,255
251,54	-0,727	1,367	-1,236
252,04	-0,699	1,364	-1,232
252,55	-0,717	1,367	-1,246
253,05	-0,758	1,370	-1,261
253,57	-0,788	1,369	-1,266
254,07	-0,801	1,370	-1,268
254,57	-0,794	1,371	-1,269
255,08	-0,774	1,376	-1,266
255,58	-0,736	1,393	-1,289
256,08	-0,710	1,384	-1,276
256,59	-0,762	1,362	-1,221
257,09	-0,779	1,372	-1,253
257,61	-0,797	1,378	-1,293
258,11	-0,816	1,377	-1,308
258,61	-0,802	1,385	-1,308
259,12	-0,760	1,377	-1,279
259,62	-0,721	1,374	-1,254
260,12	-0,699	1,367	-1,230
260,62	-0,712	1,367	-1,233
261,14	-0,754	1,374	-1,273
261,65	-0,786	1,374	-1,295
262,16	-0,803	1,371	-1,312
262,66	-0,785	1,355	-1,337
263,18	-0,765	1,359	-1,352
263,68	-0,755	1,365	-1,356
264,20	-0,771	1,367	-1,346
264,71	-0,802	1,371	-1,301
265,23	-0,810	1,368	-1,284
265,74	-0,849	1,362	-1,295
266,24	-0,831	1,372	-1,288
266,76	-0,818	1,377	-1,313
267,27	-0,827	1,374	-1,357
267,77	-0,812	1,378	-1,357
268,27	-0,806	1,379	-1,348
268,77	-0,814	1,379	-1,341
269,27	-0,816	1,376	-1,314
269,78	-0,801	1,372	-1,286
270,30	-0,799	1,370	-1,289
270,80	-0,832	1,347	-1,335
271,32	-0,838	1,338	-1,374
271,83	-0,847	1,336	-1,372
272,34	-0,861	1,337	-1,367
272,84	-0,865	1,338	-1,379
273,36	-0,859	1,339	-1,360
273,86	-0,858	1,339	-1,345
274,37	-0,875	1,340	-1,355
274,87	-0,955	1,334	-1,425
275,39	-1,023	1,314	-1,547
275,90	-1,030	1,311	-1,570
276,41	-0,983	1,325	-1,473
276,91	-0,870	1,337	-1,338
277,43	-0,783	1,353	-1,277
277,94	-0,764	1,373	-1,261
278,44	-0,807	1,375	-1,273
278,95	-0,827	1,371	-1,280
279,47	-0,828	1,371	-1,287
279,98	-0,825	1,370	-1,292
280,48	-0,819	1,367	-1,295
281,00	-0,814	1,365	-1,294
281,50	-0,838	1,348	-1,302
282,00	-0,855	1,338	-1,324
282,50	-0,857	1,342	-1,325
283,01	-0,848	1,354	-1,307
283,51	-0,835	1,358	-1,310
284,01	-0,837	1,358	-1,328
284,52	-0,839	1,356	-1,344
285,04	-0,831	1,357	-1,350
285,54	-0,827	1,358	-1,355
286,05	-0,833	1,357	-1,349
286,55	-0,835	1,355	-1,336
287,05	-0,818	1,368	-1,313
287,55	-0,805	1,370	-1,308
288,07	-0,798	1,371	-1,309
288,57	-0,797	1,383	-1,314
289,07	-0,810	1,381	-1,308
289,58	-0,810	1,388	-1,307
290,08	-0,832	1,382	-1,301
290,58	-0,870	1,370	-1,304
291,09	-0,891	1,375	-1,320
291,59	-0,878	1,376	-1,321
292,11	-0,828	1,380	-1,290
292,62	-0,770	1,370	-1,254
293,12	-0,743	1,365	-1,257
293,62	-0,757	1,367	-1,277
294,13	-0,809	1,363	-1,306
294,63	-0,836	1,360	-1,317
295,15	-0,836	1,356	-1,303
295,66	-0,802	1,358	-1,280
296,18	-0,748	1,368	-1,262
296,68	-0,714	1,371	-1,255
297,19	-0,684	1,371	-1,257
297,69	-0,760	1,361	-1,253
298,19	-0,826	1,360	-1,372
298,71	-0,847	1,351	-1,370
299,22	-0,829	1,352	-1,333
299,72	-0,767	1,359	-1,327
300,23	-0,775	1,362	-1,335
300,75	-0,774	1,362	-1,339
301,25	-0,772	1,362	-1,349
301,75	-0,769	1,362	-1,356
302,26	-0,768	1,362	-1,360
302,77	-0,765	1,362	-1,364
303,29	-0,770	1,362	-1,361
303,80	-0,770	1,361	-1,352
304,31	-0,769	1,362	-1,351
304,81	-0,804	1,370	-1,365
305,32	-0,808	1,367	-1,305
305,84	-0,816	1,367	-1,287
306,34	-0,862	1,368	-1,297
306,84	-0,855	1,364	-1,296
307,35	-0,869	1,355	-1,336
307,85	-0,896	1,348	-1,395
308,35	-0,949	1,330	-1,432
308,85	-0,938	1,340	-1,390
309,36	-0,941	1,351	-1,371
309,88	-0,935	1,361	-1,361
310,39	-0,843	1,372	-1,300
310,90	-0,799	1,372	-1,276
311,40	-0,783	1,374	-1,277
311,91	-0,780	1,375	-1,313
312,43	-0,783	1,374	-1,332
312,93	-0,797	1,372	-1,348
313,43	-0,825	1,360	-1,364
313,94	-0,873	1,341	-1,379
314,44	-0,888	1,333	-1,391
314,94	-0,873	1,339	-1,354
315,45	-0,847	1,345	-1,293
315,97	-0,845	1,344	-1,273
316,47	-0,852	1,342	-1,284
316,98	-0,851	1,341	-1,303
317,50	-0,854	1,334	-1,317
318,00	-0,819	1,332	-1,281
318,50	-0,851	1,345	-1,319
319,00	-0,913	1,341	-1,376
319,50	-0,921	1,356	-1,371
320,00	-0,889	1,362	-1,341
320,51	-0,864	1,359	-1,308
321,02	-0,847	1,358	-1,288
321,52	-0,837	1,357	-1,276
322,04	-0,849	1,356	-1,289
322,55	-0,846	1,359	-1,323
323,05	-0,812	1,366	-1,343
323,57	-0,796	1,359	-1,340
324,07	-0,797	1,354	-1,344
324,58	-0,802	1,353	-1,347
325,09	-0,802	1,355	-1,344
325,59	-0,799	1,358	-1,345
326,11	-0,802	1,359	-1,347
326,61	-0,799	1,360	-1,338
327,11	-0,806	1,359	-1,345
327,63	-0,808	1,361	-1,343
328,13	-0,806	1,362	-1,340
328,64	-0,841	1,367	-1,316
329,14	-0,832	1,366	-1,296
329,66	-0,852	1,369	-1,327
330,16	-0,883	1,366	-1,375
330,67	-0,929	1,345	-1,430
331,17	-0,910	1,352	-1,427
331,67	-0,885	1,361	-1,394
332,18	-0,842	1,361	-1,343
332,70	-0,872	1,355	-1,382
333,20	-0,881	1,353	-1,406
333,71	-0,891	1,350	-1,421
334,21	-0,873	1,358	-1,373
334,72	-0,845	1,360	-1,340
335,23	-0,842	1,359	-1,344
335,73	-0,849	1,356	-1,348
336,23	-0,875	1,353	-1,373
336,75	-0,866	1,360	-1,359
337,25	-0,861	1,361	-1,358
337,76	-0,869	1,358	-1,353
338,27	-0,864	1,352	-1,358
338,79	-0,830	1,351	-1,376
339,29	-0,815	1,352	-1,385
339,80	-0,821	1,350	-1,392
340,30	-0,831	1,350	-1,396
340,80	-0,836	1,351	-1,395
341,32	-0,854	1,349	-1,401
341,83	-0,865	1,352	-1,397
342,34	-0,859	1,352	-1,391
342,86	-0,849	1,352	-1,389
343,36	-0,829	1,354	-1,373
343,86	-0,795	1,360	-1,345
344,37	-0,797	1,359	-1,342
344,88	-0,811	1,356	-1,351
345,38	-0,817	1,356	-1,360
345,88	-0,825	1,362	-1,371
346,39	-0,854	1,367	-1,357
346,89	-0,856	1,369	-1,345
347,39	-0,891	1,369	-1,335
347,91	-0,909	1,366	-1,320
348,42	-0,889	1,382	-1,322
348,93	-0,878	1,374	-1,304
349,43	-0,861	1,373	-1,319
349,95	-0,850	1,375	-1,326
350,45	-0,851	1,376	-1,334
350,96	-0,848	1,374	-1,333
351,46	-0,850	1,372	-1,337
351,96	-0,850	1,372	-1,344
352,47	-0,853	1,370	-1,344
352,98	-0,857	1,348	-1,347
353,48	-0,851	1,348	-1,344
353,98	-0,852	1,336	-1,328
354,48	-0,859	1,320	-1,308
355,00	-0,898	1,343	-1,333
355,50	-0,908	1,341	-1,317
356,00	-0,899	1,359	-1,312
356,51	-0,901	1,344	-1,313
357,01	-0,891	1,362	-1,324
357,51	-0,879	1,355	-1,309
358,02	-0,857	1,353	-1,307
358,52	-0,878	1,350	-1,319
359,03	-0,878	1,349	-1,318
359,53	-0,815	1,347	-1,288
360,04	-0,738	1,324	-1,302
360,55	-0,680	1,330	-1,352
361,05	-0,708	1,337	-1,324
361,57	-0,926	1,322	-1,386
362,08	-1,047	1,303	-1,466
362,58	-1,133	1,311	-1,407
363,08	-1,164	1,369	-1,292
363,58	-1,347	1,330	-1,384
364,09	-1,576	1,293	-1,334
364,59	-1,765	1,281	-1,220
365,11	-1,961	1,260	-1,191
365,61	-2,125	1,194	-1,126
366,12	-2,132	1,187	-1,126
366,64	-2,036	1,251	-1,159
367,14	-1,749	1,309	-1,195
367,65	-1,543	1,289	-1,189
368,15	-1,441	1,301	-1,005
368,66	-1,352	1,246	-0,753
369,16	-1,180	1,052	-0,521
369,66	-1,130	0,690	-0,441
370,18	-1,124	0,577	-0,433
370,69	-1,101	0,574	-0,438
371,19	-1,101	0,571	-0,425
371,70	-1,028	0,767	-0,422
372,21	-1,082	1,151	-0,553
372,71	-1,239	1,338	-0,704
373,21	-1,330	1,335	-0,854
373,72	-1,374	1,315	-1,078
374,23	-1,488	1,317	-1,244
374,73	-1,717	1,288	-1,163
375,25	-2,006	1,241	-1,085
375,76	-2,186	1,094	-1,081
376,27	-2,190	1,098	-1,076
376,78	-2,064	1,213	-1,079
377,29	-1,697	1,308	-1,144
377,80	-1,407	1,320	-1,154
378,30	-1,283	1,314	-1,155
378,80	-1,243	1,359	-1,150
379,32	-0,989	1,349	-1,159
379,82	-0,736	1,317	-1,074
380,33	-0,474	1,304	-0,947
380,83	-0,209	1,306	-0,908
381,34	-0,048	1,275	-0,713
381,84	0,090	1,152	-0,525
382,36	0,104	1,110	-0,499
382,86	0,061	1,175	-0,541
383,37	0,003	1,235	-0,578
383,89	-0,096	1,291	-0,667
384,39	-0,182	1,307	-0,764
384,89	-0,207	1,318	-0,844
385,39	-0,335	1,339	-0,989
385,89	-0,544	1,314	-1,095
386,40	-0,855	1,312	-1,027
386,90	-1,125	1,335	-1,055
387,41	-1,465	1,314	-1,147
387,93	-1,867	1,249	-1,127
388,44	-2,075	1,133	-1,193
388,96	-2,125	1,118	-1,228
389,46	-2,189	1,064	-1,233
389,96	-2,165	1,117	-1,225
390,47	-1,880	1,319	-1,185
390,98	-1,599	1,350	-1,277
391,48	-1,470	1,351	-1,246
392,00	-1,445	1,352	-1,211
392,50	-1,388	1,387	-1,256
393,01	-1,308	1,337	-1,006
393,51	-1,235	1,283	-0,771
394,01	-1,230	1,323	-0,667
394,53	-1,318	1,334	-0,566
395,04	-1,395	1,286	-0,295
395,55	-1,479	1,285	-0,044
396,05	-1,491	1,282	0,233
396,57	-1,407	1,310	0,513
397,07	-1,364	1,313	0,804
397,58	-1,165	1,324	1,081
398,09	-0,958	1,314	1,363
398,61	-0,659	1,285	1,506
399,11	-0,326	1,141	1,589
399,62	-0,124	0,928	1,680
400,12	-0,189	1,059	1,645
400,62	-0,438	1,319	1,542
401,12	-0,669	1,324	1,548
401,62	-0,894	1,296	1,469
402,13	-1,064	1,259	1,218
402,64	-1,250	1,249	0,924
403,15	-1,445	1,237	0,615
403,65	-1,507	1,253	0,265
404,15	-1,614	1,274	-0,063
404,66	-1,678	1,271	-0,386
405,16	-1,778	1,247	-0,651
405,66	-1,936	1,152	-0,833
406,18	-1,915	1,184	-0,847
406,69	-1,766	1,259	-0,883
407,19	-1,566	1,296	-0,953
407,70	-1,689	1,267	-1,083
408,22	-1,738	1,243	-1,140
408,72	-1,633	1,271	-1,181
409,23	-1,367	1,310	-1,140
409,73	-1,351	1,312	-1,133
410,23	-1,587	1,293	-1,151
410,75	-1,736	1,264	-1,298
411,26	-1,929	1,250	-1,274
411,76	-1,988	1,254	-1,270
412,26	-1,921	1,284	-1,355
412,77	-1,876	1,274	-1,244
413,27	-1,825	1,265	-1,119
413,79	-1,692	1,276	-1,192
414,30	-1,698	1,284	-1,222
414,81	-1,886	1,289	-1,287
415,32	-1,885	1,288	-1,384
415,83	-1,909	1,292	-1,545
416,34	-1,868	1,352	-1,483
416,84	-1,628	1,370	-1,343
417,36	-1,569	1,359	-1,335
417,86	-1,568	1,361	-1,335
418,37	-1,574	1,364	-1,330
418,88	-1,599	1,381	-1,333
419,39	-1,578	1,388	-1,326
419,92	-1,567	1,382	-1,310
420,43	-1,574	1,375	-1,315
420,93	-1,559	1,373	-1,318
421,43	-1,572	1,377	-1,324
421,95	-1,573	1,368	-1,306
422,45	-1,565	1,365	-1,295
422,96	-1,572	1,369	-1,303
423,48	-1,566	1,372	-1,305
423,99	-1,564	1,370	-1,312
424,50	-1,568	1,369	-1,326
425,00	-1,574	1,366	-1,345
425,51	-1,558	1,365	-1,351
426,02	-1,563	1,364	-1,351
426,52	-1,569	1,363	-1,342
427,04	-1,574	1,365	-1,328
427,55	-1,575	1,365	-1,315
428,07	-1,577	1,369	-1,306
428,57	-1,577	1,369	-1,295
429,08	-1,577	1,370	-1,297
429,58	-1,581	1,369	-1,307
430,08	-1,578	1,369	-1,313
430,58	-1,573	1,368	-1,317
431,08	-1,585	1,343	-1,315
431,59	-1,521	1,335	-1,263
432,11	-1,450	1,335	-1,280
432,61	-1,452	1,341	-1,282
433,12	-1,474	1,345	-1,285
433,64	-1,485	1,347	-1,292
434,14	-1,491	1,347	-1,295
434,65	-1,498	1,346	-1,283
435,15	-1,506	1,343	-1,273
435,66	-1,616	1,321	-1,306
436,18	-1,659	1,299	-1,389
436,68	-1,638	1,297	-1,363
437,18	-1,602	1,300	-1,294
437,68	-1,645	1,319	-1,311
438,18	-1,724	1,331	-1,353
438,68	-1,805	1,278	-1,315
439,18	-1,906	1,216	-1,112
439,68	-1,979	1,183	-1,037
440,19	-2,017	1,166	-1,034
440,69	-2,017	1,176	-1,039
441,19	-1,948	1,225	-1,084
441,71	-1,826	1,271	-1,248
442,21	-1,764	1,363	-1,360
442,72	-1,701	1,383	-1,415
443,23	-1,664	1,380	-1,391
443,73	-1,604	1,374	-1,367
444,25	-1,481	1,359	-1,364
444,75	-1,447	1,354	-1,350
445,26	-1,370	1,372	-1,363
445,78	-1,180	1,332	-1,205
446,29	-0,899	1,324	-1,135
446,80	-0,637	1,303	-0,987
447,30	-0,372	1,268	-0,816
447,82	-0,191	1,111	-0,610
448,33	-0,178	1,046	-0,550
448,83	-0,257	1,251	-0,651
449,33	-0,305	1,323	-0,817
449,84	-0,328	1,338	-0,793
450,35	-0,494	1,337	-0,819
450,86	-0,684	1,337	-0,953
451,37	-0,979	1,315	-0,937
451,89	-1,302	1,293	-1,006
452,39	-1,625	1,279	-1,031
452,89	-1,910	1,232	-1,016
453,39	-1,962	1,211	-1,018
453,90	-1,873	1,266	-1,044
454,40	-1,700	1,346	-1,033
454,91	-1,507	1,351	-1,058
455,43	-1,485	1,355	-1,089
455,93	-1,492	1,358	-1,062
456,44	-1,607	1,369	-1,014
456,95	-1,600	1,368	-1,051
457,47	-1,604	1,362	-1,051
457,98	-1,603	1,367	-1,059
458,48	-1,604	1,372	-1,062
458,99	-1,606	1,379	-1,052
459,50	-1,609	1,380	-1,060
460,02	-1,610	1,376	-1,064
460,53	-1,607	1,373	-1,065
461,03	-1,609	1,376	-1,065
461,54	-1,610	1,375	-1,060
462,06	-1,617	1,373	-1,055
462,56	-1,617	1,382	-1,062
463,06	-1,606	1,376	-1,047
463,57	-1,601	1,373	-1,032
464,09	-1,603	1,372	-1,031
464,59	-1,609	1,370	-1,027
465,10	-1,609	1,369	-1,025
465,61	-1,608	1,369	-1,027
466,12	-1,610	1,369	-1,032
466,62	-1,615	1,367	-1,033
467,12	-1,576	1,356	-1,027
467,64	-1,525	1,323	-1,031
468,15	-1,522	1,325	-1,029
468,66	-1,514	1,326	-1,030
469,16	-1,509	1,328	-1,026
469,68	-1,554	1,361	-1,037
470,18	-1,620	1,366	-1,049
470,68	-1,572	1,349	-1,024
471,19	-1,531	1,350	-1,043
471,69	-1,530	1,347	-1,063
472,19	-1,551	1,334	-1,049
472,70	-1,557	1,295	-1,014
473,22	-1,551	1,297	-1,015
473,72	-1,548	1,298	-1,013
474,23	-1,538	1,298	-1,014
474,73	-1,537	1,298	-1,017
475,23	-1,541	1,297	-1,018
475,75	-1,541	1,298	-1,017
476,25	-1,530	1,298	-1,013
476,75	-1,511	1,299	-1,020
477,25	-1,510	1,300	-1,014
477,76	-1,537	1,306	-1,014
478,26	-1,539	1,308	-1,015
478,76	-1,619	1,350	-1,028
479,27	-1,624	1,350	-1,036
479,78	-1,625	1,347	-1,024
480,28	-1,628	1,345	-1,014
480,79	-1,631	1,344	-1,004
481,29	-1,626	1,343	-1,000
481,79	-1,623	1,344	-1,004
482,29	-1,620	1,345	-1,005
482,80	-1,533	1,330	-1,031
483,30	-1,537	1,327	-1,054
483,82	-1,436	1,329	-1,101
484,33	-1,367	1,317	-1,089
484,84	-1,544	1,295	-1,152
485,34	-1,757	1,290	-1,205
485,85	-1,763	1,356	-1,190
486,36	-1,671	1,360	-1,190
486,86	-1,660	1,350	-1,191
487,37	-1,661	1,356	-1,195
487,88	-1,675	1,369	-1,197
488,39	-1,678	1,376	-1,189
488,91	-1,687	1,378	-1,193
489,42	-1,691	1,376	-1,189
489,93	-1,687	1,370	-1,178
490,45	-1,692	1,361	-1,166
490,95	-1,695	1,369	-1,157
491,46	-1,694	1,369	-1,163
491,96	-1,677	1,376	-1,180
492,47	-1,660	1,373	-1,176
492,97	-1,654	1,371	-1,177
493,47	-1,663	1,367	-1,180
493,99	-1,671	1,360	-1,181
494,50	-1,680	1,359	-1,179
495,01	-1,677	1,355	-1,174
495,52	-1,677	1,361	-1,174
496,02	-1,676	1,359	-1,171
496,53	-1,674	1,358	-1,173
497,03	-1,677	1,360	-1,183
497,54	-1,683	1,361	-1,194
498,04	-1,682	1,360	-1,193
498,55	-1,681	1,355	-1,173
499,07	-1,680	1,354	-1,169
499,57	-1,681	1,353	-1,165
500,08	-1,683	1,353	-1,160
500,58	-1,671	1,356	-1,162
501,09	-1,616	1,347	-1,178
501,61	-1,592	1,335	-1,192
502,12	-1,589	1,337	-1,194
502,64	-1,569	1,320	-1,162
503,15	-1,604	1,309	-1,135
503,66	-1,708	1,283	-1,184
504,17	-1,796	1,280	-1,170
504,68	-1,727	1,308	-1,169
505,19	-1,725	1,319	-1,212
505,71	-1,793	1,341	-1,193
506,22	-1,812	1,344	-1,194
506,73	-1,762	1,328	-1,182
507,25	-1,829	1,298	-1,218
507,76	-1,781	1,282	-1,288
508,26	-1,732	1,279	-1,332
508,76	-1,733	1,301	-1,319
509,26	-1,702	1,333	-1,207
509,77	-1,590	1,326	-1,178
510,27	-1,547	1,325	-1,174
510,79	-1,592	1,342	-1,169
511,30	-1,639	1,340	-1,200
511,80	-1,708	1,299	-1,274
512,32	-1,857	1,280	-1,342
512,83	-1,945	1,260	-1,361
513,33	-1,965	1,261	-1,360
513,84	-1,949	1,267	-1,337
514,34	-1,862	1,288	-1,285
514,86	-1,679	1,331	-1,236
515,37	-1,565	1,335	-1,236
515,89	-1,553	1,330	-1,214
516,39	-1,553	1,331	-1,215
516,90	-1,555	1,334	-1,226
517,40	-1,587	1,384	-1,281
517,91	-1,647	1,395	-1,320
518,43	-1,602	1,393	-1,293
518,93	-1,550	1,356	-1,190
519,43	-1,589	1,316	-1,132
519,94	-1,675	1,265	-1,131
520,45	-1,751	1,231	-1,173
520,95	-1,648	1,151	-1,025
521,45	-1,460	1,129	-0,976
521,95	-1,319	0,803	-0,862
522,46	-1,306	0,650	-0,870
522,97	-1,303	0,913	-0,872
523,48	-1,418	1,294	-1,008
524,00	-1,420	1,296	-1,021
524,50	-1,211	1,308	-0,919
525,00	-1,055	1,294	-0,684
525,51	-0,882	1,279	-0,405
526,01	-0,661	1,173	-0,119
526,51	-0,606	1,007	0,030
527,01	-0,613	1,015	0,041
527,52	-0,646	1,141	-0,031
528,02	-0,741	1,301	-0,203
528,54	-0,728	1,336	-0,337
529,04	-0,713	1,324	-0,386
529,54	-0,857	1,326	-0,514
530,05	-1,064	1,312	-0,808
530,55	-1,267	1,310	-0,915
531,05	-1,492	1,319	-1,024
531,57	-1,678	1,319	-1,206
532,07	-1,868	1,301	-1,245
532,57	-1,912	1,277	-1,256
533,08	-1,921	1,277	-1,335
533,59	-1,897	1,298	-1,441
534,09	-1,902	1,296	-1,434
534,59	-1,877	1,306	-1,310
535,11	-1,862	1,302	-1,287
535,61	-1,822	1,379	-1,357
536,11	-1,811	1,372	-1,373
536,62	-1,811	1,367	-1,368
537,13	-1,812	1,366	-1,371
537,64	-1,813	1,363	-1,371
538,15	-1,812	1,362	-1,374
538,66	-1,814	1,362	-1,372
539,16	-1,815	1,361	-1,368
539,68	-1,816	1,362	-1,368
540,19	-1,818	1,362	-1,362
540,69	-1,819	1,360	-1,359
541,20	-1,822	1,360	-1,359
541,70	-1,819	1,359	-1,363
542,22	-1,821	1,358	-1,368
542,73	-1,816	1,358	-1,370
543,23	-1,819	1,358	-1,371
543,73	-1,824	1,357	-1,367
544,25	-1,824	1,357	-1,366
544,75	-1,825	1,357	-1,361
545,25	-1,834	1,368	-1,354
545,77	-1,817	1,380	-1,339
546,28	-1,820	1,380	-1,349
546,78	-1,813	1,379	-1,352
547,29	-1,810	1,374	-1,348
547,81	-1,793	1,373	-1,341
548,32	-1,775	1,377	-1,346
548,84	-1,758	1,373	-1,345
549,35	-1,758	1,373	-1,346
549,87	-1,761	1,374	-1,341
550,39	-1,764	1,371	-1,330
550,89	-1,763	1,369	-1,320
551,40	-1,778	1,370	-1,324
551,91	-1,803	1,371	-1,332
552,43	-1,810	1,371	-1,338
552,94	-1,817	1,366	-1,315
553,45	-1,835	1,351	-1,297
553,95	-1,851	1,311	-1,297
554,45	-1,861	1,306	-1,312
554,95	-1,816	1,384	-1,359
555,45	-1,807	1,383	-1,355
555,97	-1,809	1,382	-1,348
556,47	-1,808	1,380	-1,342
556,98	-1,802	1,376	-1,337
557,50	-1,851	1,333	-1,387
558,00	-1,827	1,353	-1,334
558,51	-1,721	1,344	-1,320
559,01	-1,727	1,345	-1,311
559,52	-1,739	1,343	-1,309
560,04	-1,832	1,342	-1,313
560,55	-1,932	1,266	-1,382
561,05	-1,948	1,271	-1,396
561,56	-1,951	1,273	-1,367
562,06	-1,921	1,285	-1,330
562,57	-1,916	1,284	-1,317
563,08	-1,885	1,353	-1,329
563,58	-1,790	1,383	-1,333
564,09	-1,747	1,365	-1,311
564,61	-1,740	1,357	-1,299
565,12	-1,785	1,357	-1,295
565,63	-1,858	1,361	-1,348
566,15	-1,856	1,359	-1,336
566,65	-1,776	1,354	-1,298
567,16	-1,701	1,354	-1,330
567,68	-1,690	1,352	-1,337
568,19	-1,703	1,346	-1,328
568,69	-1,846	1,329	-1,318
569,20	-1,921	1,302	-1,394
569,72	-1,946	1,292	-1,443
570,22	-1,911	1,296	-1,480
570,73	-1,944	1,287	-1,461
571,23	-2,065	1,243	-1,440
571,73	-2,125	1,222	-1,461
572,25	-2,109	1,233	-1,560
572,75	-2,025	1,266	-1,609
573,26	-1,989	1,273	-1,626
573,77	-1,955	1,314	-1,529
574,27	-1,859	1,360	-1,442
574,77	-1,816	1,361	-1,413
575,27	-1,724	1,351	-1,391
575,79	-1,701	1,352	-1,369
576,29	-1,688	1,351	-1,359
576,80	-1,694	1,312	-1,286
577,30	-1,730	1,320	-1,271
577,81	-1,693	1,339	-1,306
578,32	-1,627	1,275	-1,260
578,83	-1,581	1,281	-1,137
579,34	-1,482	1,293	-0,963
579,86	-1,256	1,308	-0,811
580,37	-1,086	1,298	-0,558
580,87	-0,866	1,309	-0,370
581,38	-0,703	1,328	-0,170
581,90	-0,507	1,339	-0,020
582,41	-0,350	1,305	0,114
582,91	-0,341	1,296	0,142
583,43	-0,455	1,348	0,039
583,94	-0,607	1,353	-0,062
584,44	-0,572	1,356	-0,129
584,95	-0,544	1,359	-0,166
585,45	-0,524	1,353	-0,169
585,97	-0,499	1,340	-0,121
586,48	-0,650	1,339	-0,131
586,99	-0,804	1,340	-0,313
587,50	-0,856	1,322	-0,480
588,01	-0,992	1,326	-0,688
588,52	-1,259	1,335	-0,824
589,02	-1,473	1,319	-1,038
589,54	-1,719	1,315	-1,256
590,04	-1,951	1,311	-1,450
590,55	-2,046	1,288	-1,573
591,07	-2,048	1,285	-1,551
591,58	-2,034	1,287	-1,551
592,08	-2,088	1,272	-1,503
592,59	-2,200	1,189	-1,476
593,09	-2,197	1,193	-1,470
593,59	-2,111	1,288	-1,463
594,09	-1,951	1,347	-1,466
594,61	-1,801	1,373	-1,483
595,12	-1,714	1,363	-1,489
595,63	-1,695	1,351	-1,477
596,14	-1,717	1,309	-1,447
596,65	-1,644	1,308	-1,346
597,16	-1,437	1,322	-1,137
597,68	-1,342	1,319	-0,818
598,18	-1,203	1,290	-0,513
598,69	-1,208	1,217	-0,207
599,20	-1,192	1,027	0,009
599,72	-1,195	1,014	0,030
600,22	-1,224	1,180	-0,081
600,72	-1,172	1,324	-0,290
601,22	-1,211	1,340	-0,525
601,72	-1,298	1,332	-0,772
602,23	-1,540	1,333	-0,964
602,73	-1,724	1,319	-1,214
603,23	-1,996	1,294	-1,370
603,75	-2,191	1,230	-1,429
604,26	-2,202	1,230	-1,451
604,77	-2,146	1,267	-1,439
605,29	-2,056	1,285	-1,378
605,79	-2,011	1,256	-1,358
606,30	-2,007	1,253	-1,347
606,81	-2,040	1,233	-1,307
607,31	-2,012	1,265	-1,320
607,81	-1,898	1,334	-1,367
608,33	-1,787	1,359	-1,423
608,83	-1,742	1,340	-1,424
609,34	-1,724	1,329	-1,410
609,84	-1,705	1,322	-1,394
610,36	-1,778	1,314	-1,361
610,86	-1,865	1,301	-1,354
611,37	-1,886	1,289	-1,338
611,89	-1,733	1,330	-1,376
612,40	-1,603	1,350	-1,443
612,91	-1,585	1,375	-1,342
613,41	-1,509	1,334	-1,241
613,93	-1,317	1,350	-1,292
614,43	-1,133	1,364	-1,258
614,94	-0,914	1,347	-1,124
615,44	-0,634	1,321	-1,146
615,95	-0,328	1,298	-1,106
616,47	-0,009	1,302	-1,041
616,97	0,302	1,308	-1,056
617,47	0,512	1,308	-0,941
617,97	0,688	1,293	-0,826
618,48	0,870	1,175	-0,652
619,00	0,873	1,163	-0,627
619,51	0,698	1,296	-0,802
620,01	0,363	1,303	-1,106
620,51	0,185	1,324	-1,220
621,02	-0,122	1,326	-1,163
621,54	-0,342	1,315	-1,195
622,04	-0,689	1,329	-1,286
622,55	-1,049	1,322	-1,250
623,06	-1,397	1,304	-1,291
623,56	-1,721	1,288	-1,257
624,08	-1,952	1,232	-1,207
624,58	-1,975	1,223	-1,223
625,08	-1,932	1,267	-1,252
625,59	-1,895	1,288	-1,267
626,09	-1,916	1,290	-1,345
626,59	-1,908	1,295	-1,361
627,09	-1,910	1,292	-1,350
627,61	-1,917	1,287	-1,348
628,11	-1,906	1,275	-1,279
628,61	-1,924	1,268	-1,222
629,12	-2,035	1,250	-1,064
629,62	-2,108	1,213	-1,002
630,13	-2,082	1,237	-1,008
630,63	-2,021	1,276	-1,080
631,15	-1,909	1,313	-1,252
631,66	-1,858	1,355	-1,302
632,18	-1,865	1,321	-1,309
632,69	-1,942	1,274	-1,413
633,20	-2,055	1,216	-1,478
633,72	-2,084	1,220	-1,478
634,23	-2,073	1,245	-1,514
634,74	-2,186	1,231	-1,571
635,25	-2,333	1,109	-1,653
635,75	-2,301	1,172	-1,633
636,25	-2,131	1,245	-1,570
636,76	-1,878	1,289	-1,499
637,26	-1,644	1,331	-1,441
637,77	-1,577	1,344	-1,447
638,29	-1,460	1,322	-1,297
638,79	-1,222	1,371	-1,090
639,30	-1,078	1,328	-0,746
639,81	-0,829	1,299	-0,466
640,33	-0,634	1,285	-0,188
640,83	-0,589	1,199	0,026
641,34	-0,613	1,249	-0,012
641,86	-0,628	1,323	-0,213
642,36	-0,658	1,343	-0,292
642,87	-0,643	1,340	-0,303
643,38	-0,615	1,321	-0,287
643,89	-0,755	1,308	-0,333
644,40	-0,909	1,326	-0,646
644,91	-1,092	1,305	-0,843
645,41	-1,394	1,319	-0,946
645,93	-1,645	1,305	-1,165
646,44	-1,954	1,257	-1,339
646,94	-2,070	1,210	-1,431
647,45	-2,050	1,238	-1,404
647,95	-2,055	1,238	-1,409
648,47	-2,074	1,218	-1,387
648,98	-2,030	1,250	-1,361
649,48	-1,882	1,270	-1,343
649,98	-1,617	1,313	-1,287
650,48	-1,356	1,315	-1,251
651,00	-1,242	1,316	-1,011
651,51	-1,082	1,321	-0,744
652,02	-0,877	1,329	-0,474
652,54	-0,711	1,302	-0,174
653,05	-0,524	1,222	0,027
653,57	-0,520	1,226	0,043
654,08	-0,662	1,296	-0,105
654,58	-0,947	1,306	-0,426
655,08	-1,100	1,306	-0,647
655,59	-1,367	1,320	-0,816
656,09	-1,576	1,302	-1,092
656,61	-1,885	1,270	-1,283
657,12	-2,029	1,226	-1,382
657,62	-1,900	1,258	-1,416
658,13	-1,751	1,309	-1,448
658,63	-1,546	1,380	-1,299
659,15	-1,478	1,374	-1,205
659,65	-1,491	1,370	-1,243
660,15	-1,493	1,370	-1,255
660,65	-1,495	1,373	-1,263
661,16	-1,516	1,385	-1,255
661,67	-1,505	1,384	-1,230
662,18	-1,524	1,381	-1,225
662,68	-1,566	1,343	-1,296
663,18	-1,546	1,370	-1,235
663,70	-1,503	1,383	-1,201
664,21	-1,512	1,381	-1,210
664,72	-1,512	1,389	-1,224
665,24	-1,520	1,383	-1,229
665,75	-1,520	1,383	-1,237
666,25	-1,517	1,384	-1,241
666,77	-1,515	1,386	-1,245
667,28	-1,519	1,384	-1,244
667,78	-1,519	1,382	-1,246
668,28	-1,517	1,384	-1,253
668,79	-1,511	1,383	-1,256
669,29	-1,508	1,383	-1,256
669,80	-1,503	1,382	-1,252
670,31	-1,500	1,380	-1,244
670,83	-1,500	1,379	-1,241
671,34	-1,493	1,378	-1,238
671,84	-1,440	1,356	-1,233
672,34	-1,390	1,333	-1,247
672,84	-1,390	1,335	-1,248
673,34	-1,406	1,337	-1,254
673,86	-1,423	1,337	-1,250
674,36	-1,428	1,339	-1,246
674,87	-1,426	1,341	-1,240
675,38	-1,412	1,365	-1,237
675,90	-1,376	1,384	-1,268
676,40	-1,382	1,372	-1,256
676,91	-1,404	1,370	-1,256
677,41	-1,479	1,369	-1,230
677,93	-1,549	1,353	-1,239
678,43	-1,586	1,329	-1,250
678,93	-1,521	1,378	-1,238
679,44	-1,503	1,366	-1,254
679,94	-1,477	1,362	-1,250
680,45	-1,418	1,360	-1,251
680,97	-1,383	1,356	-1,287
681,47	-1,416	1,357	-1,273
681,97	-1,569	1,308	-1,263
682,48	-1,599	1,306	-1,290
682,98	-1,575	1,319	-1,272
683,49	-1,526	1,340	-1,270
684,00	-1,524	1,330	-1,262
684,51	-1,534	1,361	-1,247
685,01	-1,533	1,489	-1,302
685,51	-1,682	1,386	-1,281
Session ended: 19-05-2026 13:26:35
