Time(s)	X	Y	Z
3,20	-0,720	-0,425	-1,230
3,70	-0,720	-0,425	-1,230
4,22	-0,720	1,532	-1,230
4,75	-0,722	1,532	-1,232
5,25	-0,741	1,542	-1,263
5,75	-0,768	1,545	-1,275
6,25	-0,791	1,522	-1,272
6,75	-0,840	1,500	-1,304
7,25	-0,839	1,500	-1,296
7,77	-0,813	1,522	-1,260
8,27	-0,789	1,532	-1,262
8,77	-0,775	1,533	-1,257
9,27	-0,776	1,529	-1,256
9,77	-0,775	1,531	-1,256
10,28	-0,774	1,534	-1,258
10,78	-0,777	1,534	-1,255
11,28	-0,778	1,531	-1,247
11,79	-0,787	1,528	-1,241
12,30	-0,811	1,526	-1,242
12,81	-0,838	1,523	-1,248
13,32	-0,843	1,525	-1,250
13,82	-0,834	1,528	-1,250
14,34	-0,830	1,527	-1,253
14,85	-0,825	1,526	-1,252
15,35	-0,820	1,525	-1,242
15,86	-0,817	1,525	-1,237
16,38	-0,812	1,525	-1,240
16,88	-0,804	1,524	-1,239
17,39	-0,720	1,527	-1,214
17,91	-0,639	1,527	-1,238
18,41	-0,646	1,539	-1,247
18,92	-0,671	1,544	-1,233
19,42	-0,706	1,553	-1,222
19,92	-0,783	1,543	-1,215
20,43	-0,831	1,533	-1,244
20,95	-0,861	1,504	-1,266
21,45	-0,880	1,499	-1,298
21,96	-0,876	1,501	-1,291
22,46	-0,871	1,504	-1,286
22,97	-0,872	1,503	-1,286
23,49	-0,874	1,503	-1,294
24,00	-0,874	1,502	-1,292
24,50	-0,880	1,497	-1,293
25,01	-0,897	1,458	-1,321
25,52	-0,907	1,447	-1,315
26,02	-0,892	1,478	-1,288
26,52	-0,888	1,493	-1,282
27,03	-0,898	1,497	-1,299
27,54	-0,900	1,495	-1,306
28,05	-0,893	1,496	-1,304
28,56	-0,887	1,507	-1,306
29,07	-0,859	1,524	-1,278
29,59	-0,836	1,533	-1,261
30,10	-0,826	1,534	-1,251
30,60	-0,821	1,533	-1,240
31,10	-0,818	1,532	-1,238
31,61	-0,815	1,531	-1,240
32,11	-0,809	1,532	-1,239
32,61	-0,805	1,533	-1,239
33,13	-0,804	1,535	-1,243
33,63	-0,808	1,535	-1,245
34,13	-0,806	1,537	-1,246
34,63	-0,801	1,536	-1,244
35,13	-0,797	1,536	-1,238
35,64	-0,799	1,533	-1,234
36,14	-0,800	1,532	-1,235
36,66	-0,800	1,530	-1,233
37,16	-0,799	1,531	-1,228
37,67	-0,799	1,531	-1,229
38,18	-0,798	1,531	-1,230
38,70	-0,801	1,527	-1,229
39,20	-0,796	1,527	-1,234
39,71	-0,796	1,528	-1,237
40,23	-0,740	1,515	-1,217
40,73	-0,780	1,525	-1,236
41,24	-0,786	1,490	-1,250
41,75	-0,803	1,508	-1,269
42,25	-0,796	1,526	-1,289
42,77	-0,797	1,526	-1,300
43,27	-0,802	1,527	-1,307
43,77	-0,802	1,532	-1,301
44,29	-0,806	1,543	-1,294
44,80	-0,814	1,545	-1,268
45,30	-0,822	1,542	-1,246
45,82	-0,870	1,539	-1,260
46,33	-0,895	1,534	-1,261
46,84	-0,920	1,532	-1,267
47,36	-0,928	1,530	-1,267
47,87	-0,927	1,532	-1,265
48,39	-0,917	1,535	-1,263
48,90	-0,910	1,535	-1,263
49,41	-0,901	1,540	-1,270
49,93	-0,889	1,544	-1,278
50,44	-0,887	1,546	-1,293
50,94	-0,880	1,545	-1,298
51,45	-0,873	1,545	-1,296
51,97	-0,866	1,545	-1,293
52,47	-0,864	1,544	-1,286
52,98	-0,855	1,543	-1,271
53,50	-0,849	1,550	-1,273
54,00	-0,856	1,557	-1,315
54,51	-0,865	1,552	-1,300
55,01	-0,856	1,541	-1,285
55,52	-0,843	1,530	-1,275
56,04	-0,848	1,529	-1,274
56,55	-0,851	1,524	-1,280
57,06	-0,857	1,531	-1,287
57,57	-0,847	1,537	-1,280
58,07	-0,854	1,538	-1,267
58,59	-0,849	1,539	-1,254
59,10	-0,842	1,537	-1,242
59,60	-0,837	1,533	-1,226
60,11	-0,856	1,535	-1,239
60,63	-0,897	1,511	-1,294
61,13	-0,906	1,508	-1,304
61,64	-0,892	1,521	-1,286
62,14	-0,862	1,530	-1,258
62,64	-0,852	1,533	-1,255
63,16	-0,840	1,533	-1,245
63,67	-0,827	1,535	-1,244
64,17	-0,811	1,537	-1,241
64,68	-0,803	1,538	-1,237
65,18	-0,803	1,538	-1,234
65,70	-0,805	1,538	-1,241
66,21	-0,800	1,540	-1,247
66,71	-0,803	1,543	-1,247
67,23	-0,808	1,541	-1,242
67,74	-0,806	1,539	-1,237
68,25	-0,800	1,541	-1,239
68,77	-0,800	1,541	-1,241
69,28	-0,796	1,542	-1,242
69,78	-0,794	1,537	-1,235
70,28	-0,791	1,539	-1,232
70,80	-0,794	1,538	-1,228
71,31	-0,798	1,537	-1,222
71,81	-0,800	1,539	-1,226
72,32	-0,795	1,539	-1,228
72,84	-0,795	1,537	-1,228
73,34	-0,796	1,538	-1,236
73,85	-0,800	1,536	-1,243
74,35	-0,832	1,520	-1,273
74,85	-0,846	1,514	-1,291
75,36	-0,838	1,499	-1,281
75,86	-0,834	1,483	-1,285
76,36	-0,828	1,488	-1,277
76,86	-0,829	1,494	-1,272
77,38	-0,829	1,499	-1,260
77,88	-0,826	1,509	-1,251
78,38	-0,814	1,524	-1,239
78,89	-0,801	1,528	-1,254
79,39	-0,785	1,527	-1,249
79,91	-0,779	1,531	-1,256
80,42	-0,781	1,535	-1,260
80,92	-0,815	1,527	-1,281
81,42	-0,826	1,520	-1,293
81,93	-0,821	1,523	-1,283
82,43	-0,816	1,527	-1,278
82,95	-0,808	1,528	-1,264
83,45	-0,806	1,529	-1,263
83,95	-0,800	1,531	-1,265
84,46	-0,796	1,532	-1,265
84,96	-0,793	1,534	-1,260
85,48	-0,792	1,536	-1,260
85,98	-0,790	1,536	-1,259
86,48	-0,790	1,535	-1,257
86,99	-0,790	1,536	-1,261
87,50	-0,790	1,538	-1,263
88,00	-0,791	1,536	-1,260
88,52	-0,789	1,538	-1,259
89,02	-0,788	1,536	-1,256
89,52	-0,789	1,535	-1,254
90,03	-0,790	1,535	-1,253
90,54	-0,788	1,538	-1,255
91,05	-0,787	1,540	-1,264
91,56	-0,784	1,541	-1,267
92,06	-0,786	1,541	-1,270
92,56	-0,788	1,539	-1,271
93,07	-0,787	1,539	-1,271
93,57	-0,786	1,539	-1,270
94,09	-0,784	1,539	-1,267
94,60	-0,784	1,539	-1,267
95,11	-0,781	1,541	-1,266
95,61	-0,778	1,542	-1,263
96,13	-0,780	1,541	-1,261
96,64	-0,783	1,541	-1,263
97,14	-0,785	1,542	-1,269
97,64	-0,782	1,543	-1,270
98,14	-0,780	1,546	-1,267
98,65	-0,777	1,547	-1,270
99,16	-0,778	1,547	-1,266
99,67	-0,818	1,538	-1,277
100,18	-0,844	1,523	-1,312
100,68	-0,837	1,522	-1,308
101,20	-0,831	1,522	-1,303
101,71	-0,821	1,527	-1,293
102,21	-0,798	1,537	-1,263
102,72	-0,796	1,535	-1,251
103,22	-0,795	1,532	-1,244
103,73	-0,791	1,532	-1,248
104,24	-0,784	1,536	-1,251
104,75	-0,779	1,539	-1,253
105,25	-0,782	1,538	-1,252
105,75	-0,779	1,525	-1,251
106,27	-0,773	1,524	-1,258
106,77	-0,777	1,542	-1,271
107,28	-0,777	1,541	-1,266
107,80	-0,774	1,542	-1,274
108,31	-0,771	1,542	-1,277
108,81	-0,759	1,543	-1,279
109,32	-0,752	1,543	-1,276
109,84	-0,748	1,543	-1,271
110,35	-0,749	1,542	-1,268
110,86	-0,749	1,541	-1,262
111,38	-0,748	1,541	-1,261
111,89	-0,750	1,541	-1,267
112,41	-0,747	1,543	-1,270
112,91	-0,742	1,543	-1,274
113,42	-0,745	1,544	-1,279
113,93	-0,756	1,544	-1,290
114,45	-0,765	1,543	-1,288
114,96	-0,760	1,544	-1,287
115,48	-0,758	1,543	-1,290
115,99	-0,758	1,544	-1,292
116,50	-0,756	1,544	-1,291
117,00	-0,756	1,543	-1,288
117,50	-0,752	1,543	-1,286
118,02	-0,752	1,543	-1,280
118,52	-0,752	1,542	-1,273
119,02	-0,750	1,542	-1,271
119,53	-0,750	1,542	-1,271
120,04	-0,748	1,542	-1,280
120,55	-0,746	1,542	-1,283
121,06	-0,747	1,543	-1,282
121,57	-0,750	1,542	-1,282
122,07	-0,752	1,541	-1,279
122,59	-0,755	1,541	-1,277
123,10	-0,755	1,537	-1,279
123,60	-0,756	1,537	-1,285
124,11	-0,757	1,539	-1,290
124,63	-0,757	1,540	-1,294
125,13	-0,759	1,539	-1,296
125,64	-0,760	1,540	-1,298
126,16	-0,765	1,541	-1,295
126,66	-0,779	1,545	-1,302
127,17	-0,791	1,542	-1,309
127,68	-0,790	1,541	-1,310
128,18	-0,787	1,534	-1,308
128,70	-0,788	1,537	-1,306
129,21	-0,790	1,538	-1,295
129,71	-0,780	1,535	-1,279
130,22	-0,777	1,530	-1,275
130,74	-0,795	1,532	-1,283
131,24	-0,792	1,533	-1,280
131,75	-0,790	1,533	-1,288
132,27	-0,790	1,534	-1,291
132,77	-0,789	1,536	-1,288
133,28	-0,789	1,537	-1,289
133,79	-0,788	1,537	-1,289
134,29	-0,790	1,535	-1,287
134,81	-0,790	1,532	-1,279
135,31	-0,784	1,531	-1,279
135,81	-0,788	1,531	-1,284
136,32	-0,788	1,534	-1,291
136,82	-0,788	1,535	-1,292
137,32	-0,789	1,535	-1,293
137,82	-0,789	1,537	-1,294
138,34	-0,786	1,537	-1,295
138,85	-0,785	1,537	-1,296
139,35	-0,785	1,538	-1,301
139,85	-0,791	1,539	-1,310
140,36	-0,796	1,537	-1,308
140,86	-0,789	1,537	-1,300
141,38	-0,789	1,538	-1,304
141,89	-0,787	1,540	-1,304
142,39	-0,787	1,541	-1,307
142,91	-0,789	1,542	-1,307
143,42	-0,793	1,542	-1,308
143,92	-0,790	1,541	-1,307
144,43	-0,788	1,542	-1,305
144,95	-0,788	1,542	-1,308
145,45	-0,790	1,542	-1,307
145,96	-0,790	1,542	-1,307
146,46	-0,789	1,543	-1,308
146,96	-0,787	1,542	-1,306
147,47	-0,788	1,541	-1,306
147,97	-0,793	1,543	-1,310
148,49	-0,806	1,546	-1,302
149,00	-0,801	1,546	-1,296
149,50	-0,779	1,542	-1,301
150,02	-0,778	1,548	-1,319
150,53	-0,778	1,553	-1,325
151,03	-0,785	1,550	-1,315
151,54	-0,792	1,548	-1,305
152,04	-0,796	1,547	-1,298
152,56	-0,798	1,547	-1,295
153,06	-0,799	1,547	-1,296
153,58	-0,798	1,547	-1,295
154,09	-0,799	1,547	-1,292
154,60	-0,800	1,546	-1,292
155,11	-0,801	1,547	-1,296
155,63	-0,800	1,547	-1,300
156,13	-0,795	1,548	-1,304
156,63	-0,793	1,548	-1,306
157,14	-0,792	1,548	-1,301
157,64	-0,788	1,546	-1,293
158,16	-0,792	1,545	-1,293
158,66	-0,793	1,546	-1,291
159,16	-0,791	1,546	-1,294
159,67	-0,791	1,547	-1,297
160,18	-0,792	1,546	-1,296
160,68	-0,793	1,544	-1,299
161,18	-0,764	1,533	-1,292
161,70	-0,700	1,521	-1,292
162,20	-0,693	1,528	-1,309
162,70	-0,713	1,534	-1,312
163,20	-0,743	1,536	-1,316
163,71	-0,765	1,536	-1,314
164,21	-0,768	1,537	-1,314
164,71	-0,770	1,539	-1,312
165,21	-0,778	1,538	-1,301
165,71	-0,778	1,538	-1,298
166,23	-0,778	1,537	-1,288
166,74	-0,772	1,535	-1,275
167,24	-0,775	1,535	-1,279
167,74	-0,778	1,537	-1,289
168,25	-0,774	1,540	-1,305
168,75	-0,774	1,542	-1,313
169,27	-0,773	1,542	-1,307
169,78	-0,776	1,548	-1,306
170,29	-0,772	1,547	-1,294
170,79	-0,776	1,547	-1,291
171,31	-0,784	1,551	-1,294
171,82	-0,790	1,556	-1,294
172,34	-0,795	1,548	-1,282
172,85	-0,806	1,541	-1,270
173,36	-0,801	1,537	-1,280
173,86	-0,783	1,538	-1,294
174,38	-0,786	1,545	-1,302
174,89	-0,790	1,545	-1,304
175,39	-0,795	1,545	-1,305
175,91	-0,796	1,546	-1,308
176,42	-0,801	1,546	-1,307
176,92	-0,805	1,546	-1,307
177,43	-0,809	1,546	-1,306
177,93	-0,808	1,546	-1,303
178,43	-0,807	1,547	-1,310
178,95	-0,807	1,548	-1,315
179,45	-0,806	1,544	-1,307
179,96	-0,806	1,541	-1,296
180,47	-0,803	1,545	-1,280
180,97	-0,804	1,539	-1,266
181,49	-0,813	1,518	-1,259
182,00	-0,827	1,488	-1,266
182,50	-0,829	1,501	-1,278
183,00	-0,834	1,505	-1,286
183,50	-0,836	1,505	-1,288
184,02	-0,838	1,508	-1,289
184,52	-0,840	1,509	-1,288
185,02	-0,838	1,509	-1,284
185,53	-0,837	1,511	-1,283
186,04	-0,837	1,512	-1,285
186,54	-0,835	1,515	-1,288
187,04	-0,835	1,514	-1,288
187,56	-0,834	1,515	-1,290
188,06	-0,834	1,517	-1,297
188,57	-0,832	1,516	-1,299
189,09	-0,830	1,516	-1,299
189,60	-0,833	1,516	-1,299
190,11	-0,836	1,516	-1,297
190,61	-0,838	1,516	-1,295
191,11	-0,836	1,517	-1,294
191,63	-0,835	1,518	-1,294
192,13	-0,836	1,518	-1,292
192,63	-0,835	1,518	-1,289
193,14	-0,834	1,518	-1,289
193,66	-0,836	1,518	-1,291
194,16	-0,837	1,518	-1,289
194,66	-0,838	1,519	-1,287
195,17	-0,836	1,521	-1,288
195,67	-0,836	1,521	-1,290
196,17	-0,835	1,522	-1,289
196,68	-0,835	1,521	-1,288
197,20	-0,836	1,522	-1,287
197,70	-0,837	1,522	-1,285
198,21	-0,836	1,523	-1,281
198,71	-0,835	1,524	-1,281
199,21	-0,833	1,524	-1,281
199,72	-0,835	1,523	-1,285
200,23	-0,835	1,523	-1,288
200,74	-0,835	1,522	-1,283
201,25	-0,837	1,522	-1,282
201,77	-0,838	1,522	-1,279
202,27	-0,838	1,524	-1,280
202,78	-0,835	1,526	-1,286
203,29	-0,834	1,525	-1,291
203,79	-0,835	1,525	-1,292
204,31	-0,836	1,525	-1,297
204,81	-0,838	1,525	-1,297
205,31	-0,839	1,525	-1,295
205,82	-0,836	1,525	-1,289
206,34	-0,837	1,526	-1,287
206,85	-0,844	1,526	-1,284
207,35	-0,856	1,530	-1,274
207,86	-0,877	1,530	-1,259
208,36	-0,920	1,512	-1,267
208,88	-0,860	1,399	-1,211
209,39	-0,806	1,413	-1,183
209,89	-0,787	1,511	-1,246
210,39	-0,809	1,535	-1,293
210,89	-0,816	1,550	-1,308
211,39	-0,808	1,549	-1,308
211,91	-0,803	1,541	-1,288
212,42	-0,818	1,545	-1,291
212,92	-0,830	1,544	-1,294
213,42	-0,829	1,545	-1,295
213,93	-0,834	1,544	-1,292
214,43	-0,840	1,542	-1,285
214,93	-0,835	1,542	-1,282
215,45	-0,835	1,542	-1,281
215,95	-0,838	1,541	-1,280
216,46	-0,845	1,542	-1,276
216,96	-0,848	1,541	-1,274
217,47	-0,847	1,542	-1,275
217,97	-0,844	1,542	-1,282
218,47	-0,843	1,546	-1,288
218,99	-0,840	1,545	-1,285
219,49	-0,829	1,542	-1,278
219,99	-0,832	1,541	-1,281
220,50	-0,835	1,542	-1,280
221,00	-0,837	1,543	-1,277
221,50	-0,845	1,544	-1,274
222,00	-0,844	1,545	-1,275
222,52	-0,848	1,543	-1,276
223,02	-0,849	1,543	-1,279
223,52	-0,850	1,542	-1,274
224,03	-0,851	1,543	-1,270
224,54	-0,853	1,544	-1,270
225,04	-0,857	1,547	-1,271
225,56	-0,845	1,543	-1,271
226,07	-0,840	1,535	-1,268
226,57	-0,839	1,535	-1,267
227,09	-0,840	1,535	-1,268
227,59	-0,839	1,538	-1,269
228,10	-0,842	1,540	-1,269
228,61	-0,843	1,540	-1,271
229,11	-0,842	1,539	-1,268
229,63	-0,835	1,539	-1,265
230,14	-0,831	1,541	-1,270
230,66	-0,846	1,544	-1,279
231,16	-0,879	1,544	-1,279
231,67	-0,914	1,540	-1,282
232,17	-0,932	1,533	-1,290
232,67	-0,877	1,548	-1,281
233,18	-0,844	1,543	-1,258
233,68	-0,842	1,546	-1,251
234,20	-0,830	1,546	-1,241
234,70	-0,824	1,538	-1,227
235,20	-0,833	1,523	-1,237
235,71	-0,832	1,522	-1,258
236,21	-0,843	1,531	-1,271
236,72	-0,840	1,536	-1,279
237,22	-0,833	1,538	-1,275
237,72	-0,833	1,535	-1,269
238,24	-0,849	1,514	-1,265
238,74	-0,843	1,511	-1,249
239,25	-0,837	1,520	-1,254
239,77	-0,837	1,532	-1,262
240,27	-0,838	1,533	-1,264
240,78	-0,843	1,535	-1,267
241,29	-0,843	1,539	-1,262
241,79	-0,842	1,539	-1,264
242,29	-0,827	1,537	-1,256
242,81	-0,825	1,538	-1,260
243,31	-0,820	1,539	-1,262
243,82	-0,819	1,539	-1,267
244,34	-0,817	1,540	-1,271
244,84	-0,818	1,542	-1,271
245,37	-0,824	1,551	-1,268
245,89	-0,850	1,557	-1,280
246,40	-0,850	1,558	-1,270
246,91	-0,844	1,559	-1,261
247,41	-0,840	1,560	-1,257
247,92	-0,841	1,561	-1,263
248,43	-0,847	1,559	-1,267
248,93	-0,856	1,552	-1,272
249,44	-0,855	1,552	-1,280
249,94	-0,850	1,554	-1,280
250,45	-0,847	1,554	-1,273
250,96	-0,859	1,552	-1,270
251,46	-0,865	1,557	-1,263
251,97	-0,881	1,534	-1,263
252,49	-0,895	1,522	-1,272
253,00	-0,895	1,518	-1,290
253,50	-0,895	1,511	-1,329
254,00	-0,885	1,514	-1,323
254,52	-0,867	1,534	-1,277
255,03	-0,865	1,532	-1,255
255,53	-0,873	1,537	-1,244
256,04	-0,878	1,533	-1,233
256,56	-0,881	1,529	-1,236
257,07	-0,865	1,533	-1,246
257,57	-0,841	1,542	-1,255
258,07	-0,829	1,547	-1,246
258,57	-0,835	1,546	-1,248
259,08	-0,844	1,543	-1,247
259,59	-0,869	1,525	-1,257
260,10	-0,885	1,516	-1,282
260,61	-0,883	1,518	-1,276
261,11	-0,885	1,520	-1,274
261,63	-0,883	1,521	-1,273
262,14	-0,880	1,521	-1,280
262,64	-0,875	1,523	-1,283
263,16	-0,864	1,525	-1,286
263,67	-0,866	1,530	-1,287
264,18	-0,863	1,536	-1,269
264,68	-0,862	1,540	-1,267
265,20	-0,851	1,539	-1,254
265,71	-0,846	1,538	-1,249
266,21	-0,847	1,537	-1,250
266,72	-0,845	1,538	-1,250
267,22	-0,860	1,537	-1,244
267,74	-0,861	1,538	-1,240
268,25	-0,853	1,541	-1,238
268,77	-0,847	1,542	-1,240
269,27	-0,840	1,544	-1,246
269,78	-0,844	1,545	-1,253
270,29	-0,850	1,542	-1,247
270,79	-0,865	1,540	-1,242
271,31	-0,874	1,539	-1,242
271,81	-0,870	1,540	-1,246
272,32	-0,864	1,540	-1,249
272,84	-0,859	1,541	-1,252
273,34	-0,868	1,540	-1,254
273,85	-0,906	1,526	-1,252
274,36	-0,928	1,506	-1,241
274,88	-0,896	1,514	-1,256
275,38	-0,850	1,516	-1,263
275,89	-0,822	1,520	-1,247
276,40	-0,835	1,517	-1,250
276,91	-0,837	1,523	-1,242
277,42	-0,825	1,534	-1,239
277,92	-0,824	1,541	-1,246
278,42	-0,826	1,541	-1,250
278,93	-0,825	1,541	-1,248
279,45	-0,825	1,540	-1,242
279,95	-0,822	1,539	-1,236
280,46	-0,822	1,539	-1,235
280,97	-0,822	1,538	-1,237
281,47	-0,822	1,539	-1,236
281,99	-0,818	1,540	-1,236
282,50	-0,821	1,540	-1,238
283,00	-0,824	1,539	-1,237
283,52	-0,828	1,540	-1,232
284,02	-0,831	1,541	-1,228
284,52	-0,835	1,541	-1,233
285,02	-0,822	1,527	-1,243
285,53	-0,807	1,535	-1,254
286,04	-0,806	1,537	-1,256
286,54	-0,808	1,538	-1,261
287,06	-0,806	1,539	-1,264
287,56	-0,802	1,539	-1,266
288,07	-0,802	1,539	-1,268
288,58	-0,810	1,543	-1,264
289,09	-0,825	1,548	-1,248
289,59	-0,821	1,547	-1,209
290,11	-0,839	1,552	-1,222
290,62	-0,826	1,557	-1,229
291,12	-0,826	1,556	-1,247
291,63	-0,829	1,554	-1,263
292,15	-0,829	1,555	-1,278
292,65	-0,828	1,555	-1,286
293,16	-0,831	1,555	-1,289
293,66	-0,829	1,557	-1,287
294,17	-0,832	1,559	-1,285
294,67	-0,847	1,552	-1,287
295,18	-0,855	1,543	-1,283
295,68	-0,854	1,541	-1,274
296,18	-0,874	1,529	-1,275
296,70	-0,884	1,525	-1,287
297,20	-0,882	1,525	-1,275
297,71	-0,877	1,526	-1,262
298,22	-0,866	1,531	-1,243
298,72	-0,866	1,533	-1,243
299,24	-0,860	1,537	-1,245
299,75	-0,852	1,538	-1,256
300,26	-0,848	1,538	-1,259
300,77	-0,843	1,541	-1,259
301,28	-0,841	1,542	-1,249
301,78	-0,842	1,542	-1,243
302,29	-0,841	1,542	-1,233
302,81	-0,835	1,544	-1,228
303,32	-0,834	1,544	-1,235
303,82	-0,835	1,543	-1,234
304,32	-0,837	1,542	-1,231
304,83	-0,870	1,533	-1,265
305,34	-0,884	1,519	-1,303
305,85	-0,888	1,520	-1,281
306,35	-0,884	1,526	-1,255
306,86	-0,850	1,542	-1,217
307,36	-0,836	1,544	-1,210
307,88	-0,852	1,522	-1,216
308,39	-0,883	1,509	-1,241
308,89	-0,895	1,503	-1,255
309,40	-0,894	1,506	-1,255
309,92	-0,890	1,513	-1,255
310,42	-0,874	1,523	-1,250
310,93	-0,857	1,537	-1,246
311,43	-0,840	1,548	-1,265
311,93	-0,834	1,549	-1,273
312,45	-0,828	1,544	-1,272
312,96	-0,829	1,543	-1,260
313,46	-0,832	1,544	-1,243
313,97	-0,825	1,547	-1,236
314,49	-0,822	1,547	-1,237
314,99	-0,822	1,549	-1,239
315,50	-0,829	1,546	-1,232
316,00	-0,834	1,545	-1,226
316,52	-0,834	1,545	-1,219
317,03	-0,831	1,545	-1,218
317,53	-0,829	1,545	-1,221
318,03	-0,827	1,545	-1,222
318,54	-0,826	1,545	-1,224
319,04	-0,823	1,546	-1,227
319,54	-0,820	1,548	-1,229
320,06	-0,820	1,547	-1,231
320,57	-0,820	1,547	-1,232
321,09	-0,821	1,548	-1,231
321,60	-0,824	1,547	-1,230
322,11	-0,824	1,546	-1,229
322,61	-0,825	1,546	-1,228
323,13	-0,827	1,546	-1,229
323,63	-0,827	1,545	-1,232
324,14	-0,827	1,546	-1,231
324,65	-0,828	1,546	-1,232
325,17	-0,830	1,545	-1,230
325,67	-0,831	1,545	-1,225
326,18	-0,833	1,544	-1,222
326,68	-0,833	1,545	-1,222
327,20	-0,835	1,544	-1,226
327,71	-0,832	1,545	-1,229
328,22	-0,831	1,545	-1,231
328,72	-0,829	1,545	-1,235
329,24	-0,829	1,544	-1,235
329,75	-0,853	1,537	-1,245
330,25	-0,874	1,528	-1,263
330,77	-0,875	1,527	-1,261
331,27	-0,873	1,529	-1,261
331,77	-0,872	1,527	-1,262
332,28	-0,887	1,517	-1,297
332,79	-0,884	1,523	-1,277
333,29	-0,860	1,536	-1,237
333,79	-0,842	1,538	-1,248
334,29	-0,812	1,530	-1,242
334,81	-0,810	1,544	-1,256
335,31	-0,811	1,542	-1,253
335,82	-0,815	1,542	-1,255
336,32	-0,816	1,543	-1,257
336,83	-0,811	1,544	-1,264
337,33	-0,820	1,551	-1,263
337,84	-0,821	1,556	-1,244
338,34	-0,804	1,550	-1,223
338,85	-0,810	1,547	-1,226
339,35	-0,823	1,548	-1,245
339,86	-0,832	1,550	-1,259
340,37	-0,831	1,550	-1,265
340,88	-0,831	1,551	-1,272
341,40	-0,831	1,551	-1,271
341,91	-0,834	1,550	-1,266
342,42	-0,836	1,551	-1,260
342,93	-0,838	1,550	-1,253
343,43	-0,842	1,549	-1,252
343,93	-0,840	1,549	-1,258
344,43	-0,837	1,547	-1,265
344,93	-0,841	1,548	-1,272
345,43	-0,841	1,550	-1,276
345,95	-0,843	1,551	-1,276
346,45	-0,847	1,549	-1,265
346,95	-0,854	1,545	-1,249
347,46	-0,851	1,544	-1,243
347,97	-0,845	1,544	-1,244
348,49	-0,844	1,541	-1,238
349,00	-0,844	1,527	-1,241
349,50	-0,846	1,512	-1,244
350,02	-0,843	1,529	-1,245
350,53	-0,837	1,536	-1,244
351,03	-0,831	1,542	-1,246
351,54	-0,821	1,545	-1,244
352,06	-0,818	1,543	-1,234
352,57	-0,821	1,541	-1,222
353,07	-0,817	1,541	-1,222
353,58	-0,819	1,543	-1,233
354,10	-0,824	1,543	-1,242
354,60	-0,830	1,545	-1,250
355,11	-0,834	1,545	-1,246
355,61	-0,832	1,544	-1,237
356,11	-0,831	1,545	-1,238
356,63	-0,830	1,545	-1,238
357,14	-0,827	1,546	-1,242
357,65	-0,827	1,546	-1,245
358,17	-0,826	1,546	-1,248
358,67	-0,828	1,546	-1,252
359,17	-0,827	1,545	-1,254
359,68	-0,827	1,545	-1,256
360,20	-0,826	1,545	-1,257
360,70	-0,825	1,545	-1,254
361,20	-0,829	1,546	-1,253
361,71	-0,832	1,545	-1,252
362,22	-0,837	1,544	-1,250
362,72	-0,835	1,543	-1,245
363,24	-0,836	1,542	-1,240
363,74	-0,838	1,540	-1,234
364,24	-0,837	1,541	-1,234
364,75	-0,838	1,541	-1,231
365,25	-0,832	1,542	-1,227
365,75	-0,835	1,543	-1,221
366,26	-0,839	1,542	-1,218
366,76	-0,839	1,541	-1,219
367,26	-0,834	1,540	-1,221
367,76	-0,831	1,541	-1,225
368,26	-0,840	1,540	-1,235
368,76	-0,841	1,541	-1,240
369,27	-0,852	1,540	-1,243
369,78	-0,855	1,537	-1,247
370,29	-0,833	1,535	-1,259
370,79	-0,820	1,544	-1,271
371,29	-0,816	1,546	-1,273
371,81	-0,816	1,546	-1,274
372,32	-0,815	1,546	-1,279
372,83	-0,808	1,548	-1,282
373,35	-0,814	1,551	-1,285
373,87	-0,820	1,553	-1,248
374,37	-0,821	1,549	-1,237
374,88	-0,833	1,555	-1,260
375,38	-0,833	1,557	-1,270
375,90	-0,826	1,556	-1,270
376,41	-0,824	1,553	-1,277
376,91	-0,828	1,552	-1,278
377,42	-0,832	1,553	-1,273
377,92	-0,834	1,554	-1,271
378,43	-0,831	1,556	-1,270
378,93	-0,830	1,554	-1,268
379,43	-0,833	1,551	-1,269
379,93	-0,830	1,550	-1,271
380,45	-0,814	1,547	-1,263
380,95	-0,805	1,545	-1,251
381,46	-0,814	1,546	-1,245
381,96	-0,831	1,548	-1,243
382,46	-0,831	1,549	-1,246
382,97	-0,836	1,549	-1,243
383,49	-0,838	1,548	-1,239
384,00	-0,834	1,551	-1,241
384,51	-0,836	1,550	-1,245
385,01	-0,833	1,549	-1,245
385,53	-0,831	1,549	-1,244
386,04	-0,832	1,548	-1,243
386,54	-0,838	1,546	-1,242
387,06	-0,843	1,545	-1,239
387,57	-0,844	1,545	-1,240
388,08	-0,845	1,547	-1,253
388,58	-0,845	1,542	-1,262
389,10	-0,815	1,542	-1,267
389,60	-0,813	1,546	-1,271
390,11	-0,817	1,548	-1,269
390,63	-0,823	1,547	-1,265
391,13	-0,826	1,547	-1,262
391,63	-0,819	1,549	-1,266
392,13	-0,813	1,549	-1,276
392,63	-0,832	1,551	-1,272
393,15	-0,820	1,548	-1,232
393,66	-0,847	1,544	-1,246
394,17	-0,841	1,543	-1,255
394,69	-0,825	1,543	-1,250
395,19	-0,817	1,539	-1,249
395,69	-0,806	1,539	-1,255
396,20	-0,795	1,542	-1,254
396,72	-0,796	1,542	-1,257
397,22	-0,804	1,542	-1,261
397,73	-0,809	1,544	-1,254
398,24	-0,814	1,545	-1,247
398,74	-0,818	1,538	-1,254
399,25	-0,814	1,537	-1,260
399,75	-0,802	1,542	-1,258
400,25	-0,796	1,518	-1,238
400,76	-0,817	1,515	-1,245
401,28	-0,811	1,538	-1,251
401,78	-0,816	1,535	-1,248
402,29	-0,825	1,526	-1,243
402,79	-0,820	1,529	-1,239
403,29	-0,820	1,526	-1,224
403,79	-0,810	1,525	-1,229
404,29	-0,800	1,525	-1,245
404,81	-0,805	1,519	-1,238
405,31	-0,756	1,500	-1,213
405,82	-0,712	1,478	-1,204
406,33	-0,733	1,487	-1,206
406,84	-0,859	1,519	-1,242
407,35	-0,871	1,504	-1,288
407,86	-0,868	1,499	-1,292
408,38	-0,877	1,493	-1,289
408,88	-0,855	1,487	-1,220
409,39	-0,761	1,470	-1,176
409,89	-0,783	1,457	-1,171
410,39	-0,832	1,475	-1,192
410,89	-0,854	1,489	-1,227
411,40	-0,872	1,504	-1,247
411,92	-0,862	1,513	-1,245
412,43	-0,812	1,516	-1,253
412,93	-0,833	1,513	-1,242
413,45	-1,012	1,510	-1,337
413,96	-1,038	1,485	-1,365
414,46	-0,997	1,481	-1,362
414,97	-1,000	1,489	-1,331
415,47	-0,961	1,497	-1,306
415,99	-0,938	1,451	-1,276
416,50	-0,976	1,404	-1,249
417,02	-1,190	1,390	-1,262
417,52	-1,434	1,410	-1,278
418,03	-1,610	1,396	-1,176
418,54	-1,880	1,333	-1,086
419,04	-2,018	1,205	-1,027
419,56	-2,004	1,239	-1,032
420,06	-1,918	1,352	-1,051
420,57	-1,645	1,449	-1,103
421,07	-1,343	1,454	-1,128
421,58	-1,198	1,416	-0,942
422,08	-1,126	1,410	-0,775
422,58	-0,935	1,302	-0,605
423,10	-0,914	0,903	-0,404
423,61	-0,939	0,737	-0,338
424,11	-0,923	0,751	-0,344
424,63	-0,880	0,809	-0,373
425,13	-0,821	1,142	-0,476
425,63	-0,765	1,389	-0,703
426,14	-0,942	1,455	-0,922
426,64	-1,112	1,490	-1,122
427,15	-1,136	1,486	-1,249
427,67	-1,167	1,458	-1,185
428,17	-1,378	1,391	-1,187
428,68	-1,570	1,421	-1,157
429,19	-1,715	1,392	-0,998
429,70	-2,019	1,171	-0,877
430,20	-2,064	1,136	-0,852
430,70	-1,915	1,314	-0,880
431,20	-1,467	1,470	-0,980
431,71	-1,198	1,457	-1,006
432,21	-0,907	1,406	-0,923
432,71	-0,703	1,387	-0,953
433,22	-0,460	1,434	-1,084
433,72	-0,274	1,387	-0,972
434,24	-0,028	1,218	-0,673
434,75	0,058	1,163	-0,620
435,25	0,034	1,188	-0,611
435,76	0,015	1,205	-0,609
436,28	-0,028	1,282	-0,619
436,78	-0,182	1,416	-0,777
437,28	-0,449	1,454	-0,987
437,79	-0,742	1,480	-1,079
438,29	-1,088	1,457	-1,170
438,81	-1,341	1,429	-1,038
439,31	-1,586	1,337	-0,956
439,81	-1,935	1,154	-0,921
440,32	-2,055	1,027	-0,899
440,82	-1,934	1,230	-0,892
441,33	-1,392	1,426	-0,936
441,83	-1,208	1,465	-1,025
442,35	-1,167	1,479	-1,036
442,86	-1,135	1,495	-1,048
443,36	-1,112	1,484	-1,071
443,86	-1,097	1,481	-1,076
444,38	-1,060	1,464	-1,073
444,89	-1,000	1,344	-0,978
445,40	-1,017	1,181	-0,683
445,90	-0,955	0,789	-0,554
446,40	-0,895	0,674	-0,550
446,90	-0,853	0,988	-0,596
447,42	-0,824	1,440	-0,802
447,93	-0,758	1,505	-1,012
448,43	-0,751	1,502	-1,174
448,95	-0,772	1,487	-1,189
449,45	-0,725	1,517	-1,025
449,95	-0,729	1,506	-1,025
450,46	-0,712	1,459	-0,888
450,97	-0,578	1,427	-0,758
451,47	-0,490	1,449	-0,634
451,99	-0,593	1,461	-0,380
452,50	-0,538	1,461	-0,163
453,00	-0,478	1,479	0,012
453,52	-0,387	1,455	0,189
454,02	-0,340	1,457	0,332
454,52	-0,298	1,454	0,411
455,02	-0,175	1,460	0,555
455,53	-0,159	1,445	0,645
456,03	-0,147	1,436	0,648
456,54	-0,263	1,488	0,495
457,06	-0,552	1,516	0,181
457,56	-0,552	1,481	-0,086
458,07	-0,567	1,432	-0,321
458,57	-0,699	1,382	-0,557
459,08	-0,683	1,414	-0,813
459,58	-0,645	1,455	-1,019
460,10	-0,826	1,483	-1,307
460,61	-0,932	1,476	-1,414
461,13	-1,004	1,464	-1,454
461,63	-1,090	1,452	-1,438
462,14	-1,153	1,449	-1,326
462,65	-1,310	1,432	-1,336
463,15	-1,591	1,394	-1,259
463,67	-1,726	1,322	-1,232
464,17	-1,765	1,300	-1,209
464,67	-1,738	1,335	-1,209
465,18	-1,454	1,435	-1,162
465,70	-1,016	1,453	-1,236
466,20	-0,753	1,415	-1,060
466,71	-0,532	1,431	-0,848
467,22	-0,207	1,355	-0,741
467,72	0,016	1,145	-0,637
468,24	0,027	1,177	-0,627
468,74	-0,030	1,340	-0,689
469,25	-0,175	1,460	-0,832
469,75	-0,020	1,453	-0,951
470,25	0,238	1,405	-0,956
470,75	0,493	1,426	-0,948
471,25	0,768	1,421	-0,894
471,76	0,947	1,309	-0,682
472,26	0,944	1,346	-0,655
472,76	0,710	1,442	-0,906
473,26	0,452	1,498	-1,063
473,76	-0,016	1,480	-1,116
474,27	-0,390	1,459	-1,202
474,78	-0,686	1,472	-1,210
475,29	-0,960	1,455	-1,267
475,79	-1,240	1,461	-1,356
476,29	-1,306	1,442	-1,240
476,81	-1,343	1,419	-1,163
477,31	-1,464	1,419	-1,159
477,82	-1,530	1,416	-1,183
478,32	-1,489	1,415	-1,209
478,82	-1,528	1,412	-1,237
479,33	-1,684	1,363	-1,179
479,85	-1,776	1,299	-1,106
480,35	-1,744	1,293	-1,030
480,85	-1,611	1,343	-1,024
481,36	-1,760	1,312	-1,163
481,86	-1,942	1,171	-1,168
482,38	-2,009	1,117	-1,155
482,89	-2,001	1,134	-1,152
483,40	-1,989	1,165	-1,140
483,90	-1,683	1,409	-1,095
484,42	-1,194	1,450	-1,093
484,93	-1,045	1,429	-0,882
485,43	-0,959	1,420	-0,500
485,95	-0,845	1,322	-0,198
486,45	-0,815	1,189	-0,054
486,95	-0,814	1,322	-0,111
487,46	-0,749	1,485	-0,234
487,97	-0,808	1,554	-0,455
488,47	-0,997	1,484	-0,797
488,99	-0,998	1,476	-0,970
489,49	-1,004	1,469	-0,994
489,99	-1,188	1,436	-1,155
490,50	-1,268	1,431	-1,206
491,01	-1,294	1,424	-1,104
491,52	-1,536	1,332	-1,037
492,03	-1,666	1,218	-0,991
492,53	-1,461	1,373	-1,018
493,04	-1,058	1,443	-1,187
493,56	-0,755	1,425	-1,057
494,07	-0,413	1,381	-0,835
494,57	-0,039	1,141	-0,706
495,08	0,023	1,173	-0,685
495,60	-0,081	1,441	-0,824
496,10	-0,259	1,517	-0,919
496,61	-0,632	1,461	-1,085
497,13	-0,865	1,442	-1,198
497,63	-1,049	1,443	-1,097
498,14	-1,281	1,352	-1,145
498,64	-1,591	1,188	-1,287
499,14	-1,730	1,109	-1,357
499,65	-1,710	1,178	-1,353
500,15	-1,440	1,396	-1,193
500,67	-0,917	1,478	-1,095
501,18	-0,778	1,504	-0,875
501,68	-0,741	1,494	-0,734
502,20	-0,829	1,478	-0,922
502,70	-1,038	1,472	-1,120
503,21	-1,254	1,447	-1,300
503,71	-1,376	1,437	-1,313
504,21	-1,365	1,463	-1,266
504,72	-1,226	1,496	-1,266
505,24	-1,210	1,491	-1,268
505,74	-1,254	1,484	-1,199
506,25	-1,376	1,443	-1,213
506,75	-1,497	1,404	-1,265
507,25	-1,709	1,347	-1,272
507,76	-1,700	1,376	-1,268
508,27	-1,636	1,398	-1,213
508,77	-1,451	1,474	-1,161
509,28	-1,329	1,485	-1,169
509,79	-1,291	1,475	-1,149
510,29	-1,114	1,464	-1,085
510,79	-0,930	1,417	-0,795
511,29	-0,763	1,430	-0,483
511,81	-0,478	1,334	-0,235
512,31	-0,356	1,158	0,013
512,82	-0,337	1,217	0,026
513,33	-0,313	1,283	-0,027
513,85	-0,324	1,396	-0,225
514,35	-0,488	1,433	-0,402
514,86	-0,795	1,487	-0,746
515,36	-0,865	1,487	-0,965
515,88	-1,069	1,444	-1,232
516,39	-1,282	1,435	-1,303
516,89	-1,509	1,421	-1,216
517,39	-1,749	1,280	-1,017
517,90	-1,846	1,152	-0,892
518,40	-1,746	1,296	-0,918
518,92	-1,365	1,453	-1,057
519,43	-1,137	1,487	-1,170
519,93	-1,053	1,493	-1,042
520,43	-1,112	1,475	-1,091
520,95	-1,401	1,417	-1,219
521,46	-1,740	1,313	-1,245
521,97	-1,789	1,301	-1,188
522,49	-2,006	1,163	-1,231
522,99	-2,211	1,012	-1,313
523,50	-2,187	1,111	-1,287
524,00	-1,760	1,413	-1,201
524,52	-1,274	1,469	-1,257
525,02	-1,074	1,470	-1,086
525,53	-0,864	1,472	-0,929
526,04	-0,624	1,476	-0,787
526,56	-0,570	1,449	-0,493
527,07	-0,509	1,446	-0,294
527,57	-0,361	1,330	0,021
528,08	-0,367	1,381	0,012
528,58	-0,557	1,442	-0,300
529,08	-0,769	1,472	-0,627
529,60	-0,749	1,471	-0,548
530,11	-0,757	1,472	-0,530
530,63	-0,737	1,491	-0,548
531,14	-0,667	1,469	-0,539
531,64	-0,612	1,468	-0,608
532,14	-0,694	1,463	-0,767
532,64	-0,831	1,480	-1,063
533,14	-1,060	1,466	-1,251
533,65	-1,351	1,418	-1,142
534,17	-1,711	1,270	-1,015
534,67	-1,856	1,205	-0,941
535,18	-1,600	1,419	-0,964
535,69	-1,164	1,475	-1,156
536,19	-0,943	1,458	-1,075
536,70	-0,737	1,473	-0,800
537,20	-0,458	1,438	-0,545
537,71	-0,335	1,376	-0,158
538,22	-0,332	1,368	-0,049
538,72	-0,339	1,411	-0,197
539,24	-0,312	1,442	-0,431
539,74	-0,352	1,469	-0,528
540,24	-0,418	1,489	-0,551
540,75	-0,496	1,507	-0,546
541,27	-0,583	1,507	-0,537
541,77	-0,696	1,477	-0,543
542,27	-0,619	1,480	-0,683
542,78	-0,459	1,462	-0,899
543,28	-0,623	1,505	-1,057
543,79	-0,798	1,504	-1,160
544,31	-0,757	1,514	-1,206
544,82	-0,744	1,513	-1,214
545,33	-0,744	1,504	-1,201
545,85	-0,748	1,497	-1,203
546,35	-0,735	1,464	-1,186
546,86	-0,659	1,476	-1,151
547,37	-0,594	1,481	-1,177
547,89	-0,601	1,489	-1,198
548,39	-0,674	1,501	-1,190
548,89	-0,698	1,500	-1,194
549,39	-0,748	1,506	-1,211
549,89	-0,743	1,453	-1,177
550,40	-0,724	1,411	-1,165
550,92	-0,709	1,405	-1,152
551,42	-0,707	1,393	-1,147
551,92	-0,705	1,469	-1,120
552,43	-0,713	1,507	-1,049
552,93	-0,724	1,235	-1,064
Session ended: 19-05-2026 14:12:10
